38 72 2.123591e-01
25 79 2.000376e-01
45 80 1.973455e-01
23 45 1.820394e-01
45 75 1.740829e-01
38 75 1.735083e-01
25 38 1.726211e-01
24 53 1.612824e-01
27 45 1.593575e-01
72 94 1.530799e-01
53 103 1.516234e-01
25 103 1.510336e-01
24 72 1.505107e-01
23 42 1.499971e-01
45 53 1.492240e-01
81 102 1.492132e-01
24 99 1.484446e-01
38 45 1.478732e-01
23 99 1.477349e-01
7 75 1.452152e-01
16 58 1.449605e-01
75 99 1.433229e-01
25 72 1.425373e-01
16 75 1.410842e-01
45 81 1.409764e-01
53 99 1.406943e-01
25 53 1.398862e-01
7 25 1.383102e-01
27 60 1.375294e-01
45 99 1.371392e-01
25 45 1.354039e-01
7 45 1.347743e-01
42 78 1.346179e-01
42 53 1.338403e-01
25 58 1.327494e-01
45 79 1.306291e-01
12 41 1.304217e-01
41 53 1.301943e-01
53 79 1.299586e-01
23 80 1.298363e-01
38 80 1.289369e-01
16 45 1.284618e-01
45 60 1.277216e-01
7 27 1.267584e-01
60 103 1.255751e-01
7 72 1.250484e-01
60 72 1.248922e-01
60 75 1.247391e-01
7 99 1.244486e-01
7 103 1.242615e-01
76 86 1.240679e-01
14 20 1.237514e-01
24 45 1.236477e-01
23 75 1.218936e-01
24 79 1.218034e-01
79 99 1.215159e-01
7 80 1.209894e-01
38 107 1.200436e-01
38 81 1.196488e-01
45 55 1.190171e-01
23 38 1.189954e-01
45 72 1.189695e-01
53 75 1.189368e-01
12 24 1.189162e-01
27 75 1.185046e-01
42 75 1.182072e-01
25 107 1.180641e-01
23 60 1.179844e-01
38 103 1.178175e-01
58 75 1.177254e-01
25 60 1.163977e-01
38 55 1.161180e-01
24 81 1.160270e-01
25 41 1.148877e-01
45 58 1.145163e-01
55 60 1.143451e-01
42 103 1.143170e-01
72 103 1.142592e-01
62 77 1.141403e-01
50 59 1.141180e-01
38 53 1.138686e-01
79 103 1.138393e-01
16 60 1.135874e-01
16 24 1.129526e-01
38 99 1.127862e-01
6 73 1.118449e-01
24 38 1.115748e-01
60 79 1.114499e-01
35 58 1.114483e-01
6 62 1.111970e-01
80 103 1.109659e-01
58 72 1.104463e-01
25 75 1.097485e-01
27 55 1.093506e-01
12 75 1.092591e-01
45 103 1.087199e-01
35 42 1.086572e-01
25 81 1.082665e-01
60 99 1.079599e-01
30 101 1.076739e-01
80 99 1.072103e-01
16 23 1.069867e-01
23 56 1.064368e-01
75 80 1.063541e-01
72 99 1.054680e-01
24 80 1.053125e-01
12 42 1.051927e-01
7 38 1.042337e-01
47 85 1.037129e-01
62 83 1.026410e-01
41 75 1.023406e-01
72 79 1.021239e-01
38 79 1.018981e-01
38 60 1.015252e-01
53 60 1.013609e-01
12 58 1.013417e-01
14 69 9.986571e-02
23 72 9.956946e-02
42 72 9.942670e-02
37 74 9.884875e-02
16 79 9.833838e-02
23 53 9.830834e-02
25 99 9.813687e-02
42 60 9.743501e-02
27 99 9.697689e-02
18 61 9.659273e-02
30 52 9.655172e-02
56 94 9.650672e-02
12 45 9.642284e-02
30 92 9.640690e-02
3 96 9.638941e-02
24 55 9.599158e-02
75 81 9.598908e-02
23 78 9.543086e-02
78 102 9.501833e-02
23 32 9.499114e-02
42 80 9.486276e-02
16 38 9.469119e-02
24 75 9.454920e-02
10 21 9.445933e-02
14 51 9.440510e-02
32 80 9.397711e-02
35 75 9.378484e-02
23 58 9.362517e-02
72 80 9.352503e-02
10 40 9.306362e-02
59 106 9.297996e-02
2 84 9.295026e-02
75 107 9.293955e-02
32 99 9.288547e-02
41 58 9.270479e-02
16 80 9.251219e-02
2 90 9.250016e-02
38 94 9.220309e-02
61 97 9.213572e-02
55 72 9.129393e-02
52 73 9.115715e-02
35 78 9.089663e-02
8 13 9.050807e-02
23 28 9.027329e-02
78 99 9.012527e-02
53 80 9.007003e-02
42 55 8.994377e-02
16 99 8.968540e-02
42 81 8.959918e-02
42 99 8.926066e-02
51 105 8.925238e-02
37 93 8.882315e-02
8 60 8.880342e-02
15 47 8.857286e-02
62 106 8.855508e-02
80 96 8.836964e-02
77 97 8.832080e-02
72 81 8.810879e-02
11 98 8.794348e-02
63 87 8.786040e-02
75 103 8.779494e-02
22 55 8.774657e-02
3 71 8.759342e-02
17 98 8.754696e-02
32 58 8.741351e-02
10 89 8.734488e-02
16 25 8.705658e-02
60 80 8.669983e-02
12 38 8.638801e-02
12 53 8.638705e-02
58 78 8.637486e-02
23 103 8.622765e-02
59 95 8.621495e-02
36 54 8.602581e-02
7 42 8.581932e-02
53 58 8.576791e-02
90 104 8.576505e-02
78 107 8.574898e-02
25 78 8.570036e-02
41 99 8.557823e-02
36 104 8.555722e-02
69 105 8.519032e-02
1 90 8.506928e-02
6 91 8.483339e-02
19 63 8.443433e-02
27 81 8.439222e-02
3 82 8.425217e-02
50 97 8.421608e-02
37 95 8.404260e-02
5 56 8.403911e-02
12 103 8.393079e-02
12 80 8.374120e-02
50 101 8.367619e-02
27 103 8.356098e-02
58 107 8.353255e-02
37 90 8.350088e-02
66 104 8.325543e-02
10 56 8.296967e-02
41 103 8.294226e-02
7 58 8.294041e-02
43 105 8.289473e-02
27 79 8.272229e-02
76 96 8.270353e-02
35 53 8.252982e-02
23 107 8.215345e-02
59 98 8.200073e-02
7 53 8.197485e-02
21 89 8.172012e-02
25 42 8.142912e-02
31 87 8.137772e-02
66 81 8.120555e-02
38 58 8.116876e-02
26 69 8.115438e-02
24 60 8.110294e-02
32 60 8.081988e-02
44 73 8.070731e-02
12 72 8.067039e-02
6 106 8.059485e-02
45 96 8.051506e-02
54 87 8.036825e-02
35 107 8.034434e-02
30 43 8.033899e-02
33 52 8.031386e-02
15 106 8.019586e-02
59 104 8.012479e-02
46 85 8.004356e-02
52 64 7.975987e-02
27 72 7.972306e-02
89 101 7.969597e-02
7 78 7.968708e-02
36 55 7.967481e-02
37 85 7.947308e-02
23 81 7.929445e-02
13 57 7.924411e-02
58 79 7.912607e-02
7 55 7.896188e-02
81 86 7.893866e-02
47 77 7.881191e-02
2 64 7.873627e-02
46 88 7.861881e-02
44 50 7.856838e-02
28 62 7.836551e-02
100 107 7.814325e-02
41 60 7.809042e-02
50 63 7.795038e-02
5 107 7.775339e-02
1 39 7.774331e-02
32 75 7.752748e-02
79 94 7.750659e-02
92 98 7.748607e-02
52 84 7.734438e-02
55 107 7.727351e-02
15 92 7.723666e-02
46 104 7.721915e-02
10 34 7.688032e-02
21 101 7.680393e-02
45 86 7.678975e-02
25 80 7.659053e-02
53 107 7.656161e-02
23 86 7.639904e-02
7 79 7.631771e-02
16 55 7.626474e-02
11 82 7.620270e-02
41 77 7.577412e-02
45 94 7.562989e-02
55 103 7.537551e-02
12 107 7.532573e-02
18 44 7.523901e-02
39 101 7.509621e-02
14 34 7.483855e-02
7 12 7.483387e-02
23 79 7.481511e-02
16 35 7.479082e-02
42 66 7.457836e-02
7 24 7.456768e-02
25 35 7.433766e-02
30 106 7.430913e-02
10 50 7.422685e-02
16 72 7.415324e-02
21 108 7.413702e-02
64 92 7.410899e-02
58 96 7.407264e-02
38 100 7.406721e-02
23 35 7.398779e-02
37 83 7.368901e-02
42 94 7.366869e-02
33 47 7.363127e-02
13 104 7.344046e-02
6 43 7.332220e-02
27 66 7.314596e-02
16 42 7.274147e-02
10 98 7.241462e-02
33 71 7.238388e-02
22 103 7.229274e-02
50 66 7.224132e-02
27 38 7.216570e-02
22 65 7.203067e-02
22 63 7.194753e-02
5 66 7.193457e-02
1 104 7.179502e-02
50 87 7.174692e-02
13 93 7.161584e-02
4 84 7.160512e-02
73 90 7.160106e-02
17 60 7.154574e-02
24 78 7.130032e-02
20 43 7.126662e-02
12 27 7.091536e-02
4 46 7.088852e-02
23 66 7.082361e-02
86 107 7.065350e-02
38 78 7.064034e-02
50 61 7.057206e-02
20 33 7.051291e-02
20 51 7.024616e-02
1 14 6.997684e-02
24 58 6.993115e-02
67 82 6.990249e-02
51 98 6.966318e-02
46 56 6.956095e-02
73 101 6.939984e-02
55 94 6.937833e-02
90 98 6.910442e-02
51 61 6.908313e-02
23 102 6.901790e-02
73 89 6.898989e-02
35 45 6.898090e-02
64 98 6.897165e-02
86 103 6.868369e-02
42 49 6.825617e-02
21 64 6.817324e-02
18 93 6.813305e-02
19 70 6.812426e-02
62 85 6.808719e-02
13 43 6.782360e-02
21 54 6.770496e-02
12 78 6.755693e-02
7 41 6.731882e-02
10 84 6.731781e-02
35 99 6.722641e-02
17 58 6.713316e-02
27 71 6.710292e-02
53 72 6.705715e-02
36 44 6.696154e-02
15 21 6.692397e-02
25 56 6.688732e-02
84 97 6.679291e-02
62 101 6.673514e-02
15 85 6.673404e-02
5 23 6.672162e-02
16 102 6.666058e-02
55 75 6.633347e-02
4 82 6.625618e-02
29 51 6.613004e-02
24 42 6.611896e-02
23 55 6.601076e-02
44 54 6.599243e-02
15 26 6.598645e-02
31 92 6.598238e-02
13 91 6.596958e-02
38 102 6.575582e-02
39 98 6.574844e-02
27 41 6.572217e-02
31 69 6.571733e-02
12 99 6.568568e-02
43 62 6.565066e-02
1 51 6.556542e-02
24 94 6.553881e-02
18 105 6.550363e-02
23 94 6.548720e-02
2 20 6.519745e-02
11 34 6.518160e-02
72 86 6.513844e-02
30 88 6.505276e-02
88 105 6.504975e-02
36 98 6.504715e-02
28 79 6.484083e-02
39 64 6.454184e-02
10 83 6.442519e-02
25 102 6.427174e-02
79 105 6.424602e-02
14 47 6.422834e-02
27 70 6.420594e-02
25 86 6.420584e-02
23 91 6.416530e-02
49 78 6.410920e-02
12 23 6.408584e-02
16 53 6.389262e-02
16 27 6.389183e-02
79 107 6.385086e-02
74 98 6.383948e-02
41 81 6.372930e-02
4 63 6.366423e-02
92 108 6.361547e-02
71 95 6.341726e-02
53 78 6.337748e-02
15 91 6.337072e-02
101 106 6.311589e-02
51 68 6.305733e-02
13 37 6.304901e-02
12 32 6.299370e-02
5 100 6.294588e-02
27 80 6.285959e-02
54 69 6.272021e-02
18 87 6.269179e-02
13 106 6.267256e-02
68 87 6.261655e-02
2 7 6.259889e-02
68 95 6.255757e-02
9 17 6.254305e-02
6 34 6.227792e-02
26 46 6.207601e-02
46 83 6.206238e-02
72 107 6.202924e-02
73 83 6.201664e-02
41 100 6.198391e-02
8 20 6.188272e-02
20 37 6.184852e-02
58 94 6.172218e-02
27 53 6.160488e-02
86 96 6.150550e-02
82 101 6.147872e-02
2 102 6.142539e-02
94 103 6.126291e-02
9 49 6.120084e-02
31 68 6.119101e-02
4 101 6.115737e-02
15 51 6.094094e-02
68 82 6.086219e-02
28 78 6.068000e-02
13 47 6.064813e-02
11 29 6.059267e-02
60 81 6.056915e-02
15 40 6.045703e-02
54 85 6.042150e-02
11 20 6.030421e-02
58 99 6.028953e-02
83 102 6.021481e-02
20 44 6.013235e-02
29 95 5.998935e-02
13 92 5.993164e-02
87 95 5.992099e-02
34 73 5.992041e-02
52 103 5.983353e-02
44 104 5.979840e-02
4 62 5.979713e-02
52 63 5.977519e-02
23 41 5.970898e-02
21 74 5.969129e-02
63 89 5.912963e-02
96 107 5.884988e-02
82 104 5.874343e-02
6 70 5.872252e-02
30 71 5.870121e-02
48 89 5.867346e-02
3 43 5.864136e-02
33 89 5.863724e-02
8 77 5.852218e-02
7 60 5.841018e-02
13 63 5.837495e-02
12 60 5.835553e-02
8 98 5.835172e-02
34 63 5.834824e-02
1 46 5.834012e-02
38 56 5.832336e-02
35 76 5.824365e-02
9 63 5.813156e-02
30 48 5.807962e-02
11 97 5.807450e-02
34 84 5.807229e-02
20 65 5.802531e-02
24 102 5.800573e-02
41 86 5.794074e-02
1 82 5.783229e-02
15 108 5.756292e-02
31 82 5.754042e-02
18 90 5.753290e-02
52 107 5.752031e-02
18 52 5.748688e-02
31 71 5.748590e-02
44 83 5.732711e-02
41 55 5.727464e-02
9 90 5.726902e-02
21 44 5.711433e-02
26 43 5.692371e-02
18 33 5.676307e-02
7 23 5.674076e-02
3 44 5.671986e-02
29 83 5.659275e-02
21 37 5.651634e-02
59 86 5.651472e-02
74 83 5.647457e-02
18 83 5.644215e-02
10 91 5.642763e-02
33 44 5.638058e-02
7 81 5.634870e-02
78 93 5.629870e-02
29 46 5.625740e-02
46 61 5.623598e-02
15 71 5.619758e-02
22 84 5.601534e-02
8 69 5.601429e-02
48 93 5.599798e-02
97 104 5.595814e-02
59 101 5.594602e-02
1 64 5.585610e-02
55 80 5.584834e-02
10 47 5.583397e-02
77 84 5.580672e-02
3 62 5.574969e-02
27 58 5.568130e-02
5 44 5.553843e-02
16 81 5.536922e-02
21 51 5.532630e-02
19 84 5.523302e-02
32 66 5.522924e-02
6 92 5.519727e-02
42 96 5.517714e-02
63 108 5.516649e-02
63 90 5.515100e-02
10 76 5.507926e-02
34 92 5.497293e-02
55 83 5.495867e-02
22 83 5.493886e-02
12 28 5.488937e-02
62 73 5.487863e-02
32 68 5.481331e-02
47 63 5.478011e-02
12 81 5.477350e-02
9 18 5.476583e-02
15 48 5.466310e-02
6 26 5.459021e-02
59 69 5.457532e-02
10 64 5.453509e-02
44 96 5.453129e-02
21 98 5.450115e-02
5 90 5.442246e-02
58 102 5.427321e-02
16 41 5.422150e-02
58 70 5.419187e-02
43 83 5.416702e-02
61 98 5.412175e-02
6 89 5.404074e-02
47 62 5.402207e-02
39 69 5.394070e-02
4 96 5.380543e-02
33 61 5.367835e-02
58 80 5.365056e-02
50 68 5.363222e-02
40 76 5.352831e-02
28 57 5.352473e-02
56 107 5.351708e-02
47 87 5.333287e-02
2 69 5.330292e-02
39 79 5.329581e-02
25 55 5.323598e-02
40 85 5.313686e-02
11 54 5.313540e-02
63 105 5.302949e-02
1 84 5.301022e-02
60 86 5.297036e-02
34 43 5.289787e-02
1 18 5.288238e-02
13 34 5.285184e-02
19 36 5.274701e-02
65 74 5.272025e-02
68 74 5.266474e-02
49 100 5.265811e-02
29 84 5.265059e-02
27 86 5.262429e-02
69 91 5.262296e-02
26 87 5.261437e-02
36 46 5.259680e-02
33 50 5.255132e-02
10 39 5.245637e-02
18 43 5.245274e-02
30 62 5.242648e-02
64 105 5.231387e-02
12 86 5.227491e-02
66 89 5.218450e-02
3 92 5.217797e-02
51 59 5.213858e-02
75 102 5.210838e-02
58 81 5.209202e-02
45 78 5.205359e-02
63 106 5.201014e-02
29 74 5.200154e-02
74 101 5.198674e-02
31 47 5.197922e-02
28 107 5.195951e-02
39 85 5.190263e-02
26 54 5.182554e-02
20 87 5.174588e-02
40 71 5.167691e-02
61 108 5.164260e-02
41 94 5.148122e-02
47 83 5.146348e-02
79 102 5.145644e-02
20 106 5.142735e-02
72 78 5.140470e-02
9 68 5.138827e-02
68 83 5.135932e-02
36 92 5.132896e-02
32 102 5.132139e-02
83 108 5.128922e-02
19 93 5.126736e-02
26 91 5.125530e-02
32 79 5.123162e-02
64 88 5.117564e-02
20 59 5.113178e-02
33 65 5.108372e-02
27 96 5.094050e-02
37 75 5.082029e-02
43 51 5.076521e-02
61 100 5.074876e-02
34 81 5.070471e-02
30 50 5.061102e-02
32 45 5.059080e-02
51 95 5.056905e-02
12 79 5.056337e-02
35 72 5.055931e-02
4 98 5.050028e-02
2 50 5.048837e-02
11 67 5.036586e-02
2 43 5.036337e-02
40 84 5.028710e-02
15 82 5.026261e-02
46 93 5.020698e-02
1 40 5.016439e-02
30 83 5.012679e-02
7 100 4.999540e-02
11 50 4.997144e-02
18 64 4.990952e-02
51 87 4.987301e-02
24 107 4.978605e-02
3 15 4.965610e-02
57 97 4.955478e-02
9 98 4.953012e-02
8 25 4.952400e-02
62 69 4.951810e-02
49 70 4.948148e-02
68 90 4.946507e-02
31 91 4.946481e-02
48 83 4.940189e-02
1 62 4.934502e-02
10 65 4.924185e-02
25 32 4.914818e-02
33 84 4.910702e-02
20 98 4.906783e-02
28 65 4.904209e-02
29 68 4.888446e-02
85 95 4.888430e-02
8 54 4.888232e-02
8 33 4.882143e-02
24 88 4.881764e-02
44 100 4.873514e-02
66 72 4.871326e-02
61 74 4.868472e-02
14 89 4.868328e-02
47 74 4.867153e-02
29 63 4.863038e-02
11 76 4.862161e-02
22 95 4.859583e-02
1 69 4.858804e-02
17 26 4.853844e-02
3 19 4.849126e-02
61 87 4.846105e-02
71 83 4.817628e-02
12 102 4.815389e-02
33 85 4.805345e-02
10 57 4.800292e-02
3 21 4.796913e-02
11 66 4.791885e-02
80 107 4.790982e-02
2 98 4.785929e-02
36 56 4.785579e-02
28 55 4.784926e-02
21 97 4.770575e-02
54 83 4.754400e-02
77 101 4.746867e-02
28 84 4.745249e-02
13 73 4.743964e-02
55 97 4.735825e-02
16 78 4.732850e-02
11 57 4.731074e-02
13 30 4.727903e-02
40 66 4.720617e-02
36 73 4.711437e-02
42 93 4.706087e-02
10 85 4.701428e-02
1 9 4.692330e-02
33 105 4.691809e-02
30 89 4.691167e-02
36 83 4.690708e-02
59 82 4.689308e-02
15 43 4.686049e-02
35 94 4.675444e-02
87 105 4.673401e-02
85 98 4.672896e-02
32 56 4.671743e-02
44 90 4.665908e-02
21 105 4.659222e-02
22 79 4.658798e-02
54 64 4.651771e-02
79 86 4.651391e-02
27 94 4.647368e-02
62 104 4.645548e-02
16 46 4.641134e-02
22 47 4.635038e-02
87 101 4.633184e-02
37 107 4.626817e-02
11 87 4.623104e-02
17 56 4.622315e-02
1 101 4.617776e-02
10 49 4.609441e-02
48 63 4.608892e-02
29 65 4.605635e-02
18 76 4.604928e-02
69 93 4.604528e-02
20 36 4.602214e-02
13 85 4.599893e-02
66 86 4.598716e-02
49 73 4.597098e-02
21 40 4.592616e-02
62 100 4.587077e-02
15 65 4.578794e-02
20 105 4.578624e-02
48 101 4.573485e-02
49 64 4.572675e-02
43 59 4.568221e-02
19 104 4.562199e-02
35 74 4.560236e-02
12 25 4.555633e-02
9 93 4.551181e-02
33 108 4.550425e-02
57 78 4.544559e-02
14 98 4.539316e-02
1 37 4.537968e-02
83 100 4.534140e-02
19 105 4.530910e-02
20 40 4.530200e-02
33 98 4.529382e-02
46 92 4.526112e-02
13 108 4.520328e-02
15 83 4.519350e-02
20 47 4.513183e-02
14 43 4.508944e-02
54 108 4.499026e-02
39 65 4.488081e-02
5 54 4.484147e-02
85 92 4.480549e-02
88 107 4.480269e-02
4 94 4.476530e-02
43 71 4.464305e-02
87 104 4.464156e-02
1 11 4.451040e-02
20 31 4.450462e-02
3 105 4.447937e-02
14 108 4.445014e-02
30 105 4.440705e-02
46 67 4.439753e-02
9 92 4.434399e-02
2 29 4.429195e-02
1 68 4.424104e-02
1 108 4.422839e-02
50 89 4.421382e-02
4 54 4.410041e-02
47 68 4.408114e-02
50 105 4.406145e-02
52 89 4.402096e-02
30 64 4.399826e-02
83 98 4.397239e-02
57 103 4.392022e-02
27 57 4.389992e-02
30 70 4.387214e-02
82 90 4.385255e-02
53 96 4.382599e-02
29 91 4.381663e-02
29 97 4.379816e-02
57 68 4.374065e-02
68 84 4.372440e-02
60 78 4.363560e-02
57 108 4.356108e-02
48 106 4.355155e-02
6 84 4.347001e-02
17 36 4.345367e-02
43 77 4.325372e-02
4 52 4.323386e-02
44 61 4.322800e-02
71 90 4.320430e-02
51 58 4.320235e-02
9 52 4.315444e-02
1 36 4.315292e-02
45 89 4.313039e-02
28 58 4.308015e-02
17 79 4.303137e-02
11 49 4.302179e-02
65 97 4.289748e-02
60 76 4.274836e-02
18 92 4.273764e-02
94 99 4.272216e-02
30 76 4.270828e-02
51 101 4.267698e-02
36 63 4.266002e-02
15 101 4.265500e-02
84 94 4.261229e-02
17 105 4.257457e-02
18 47 4.255190e-02
9 62 4.252620e-02
81 96 4.249068e-02
46 70 4.244507e-02
69 106 4.226688e-02
33 64 4.226655e-02
38 57 4.218607e-02
14 85 4.216661e-02
41 72 4.212413e-02
3 73 4.209463e-02
42 79 4.207042e-02
39 49 4.184168e-02
24 100 4.182818e-02
6 49 4.180131e-02
70 103 4.175668e-02
13 66 4.170876e-02
15 95 4.163489e-02
36 49 4.157883e-02
1 19 4.143508e-02
78 96 4.136552e-02
13 71 4.136279e-02
45 57 4.125949e-02
3 9 4.122834e-02
44 59 4.119711e-02
52 108 4.116060e-02
21 57 4.115260e-02
1 73 4.112667e-02
3 86 4.111449e-02
48 55 4.103157e-02
37 68 4.101239e-02
31 76 4.100889e-02
18 98 4.097832e-02
2 63 4.093819e-02
65 91 4.091962e-02
58 103 4.091674e-02
11 65 4.087255e-02
42 58 4.086116e-02
27 100 4.085403e-02
58 86 4.082584e-02
37 61 4.080417e-02
10 43 4.073712e-02
35 103 4.072534e-02
47 91 4.069230e-02
82 105 4.066972e-02
50 91 4.064783e-02
37 71 4.063569e-02
10 62 4.062430e-02
35 70 4.060219e-02
10 97 4.060029e-02
50 73 4.059734e-02
36 48 4.054880e-02
22 92 4.048815e-02
7 31 4.043142e-02
85 108 4.037884e-02
2 97 4.026621e-02
85 90 4.026534e-02
4 105 4.025576e-02
54 93 4.024150e-02
37 104 4.020805e-02
22 90 4.016798e-02
15 63 4.010161e-02
81 103 4.010048e-02
11 40 4.009922e-02
34 100 3.988747e-02
11 95 3.988217e-02
67 95 3.986600e-02
18 74 3.979961e-02
55 79 3.979682e-02
17 107 3.978325e-02
33 48 3.977195e-02
44 87 3.974538e-02
14 64 3.970842e-02
30 73 3.959506e-02
43 69 3.949828e-02
4 11 3.947728e-02
43 54 3.943351e-02
28 66 3.942982e-02
6 104 3.939983e-02
6 15 3.939351e-02
65 105 3.930105e-02
5 25 3.930026e-02
46 105 3.928540e-02
3 69 3.923367e-02
46 73 3.922880e-02
74 90 3.920704e-02
8 62 3.918853e-02
47 69 3.914553e-02
20 85 3.910104e-02
78 94 3.909790e-02
54 89 3.904089e-02
32 94 3.902367e-02
53 102 3.901651e-02
14 31 3.898079e-02
74 91 3.896458e-02
72 102 3.892518e-02
16 100 3.889801e-02
25 76 3.884549e-02
13 54 3.881754e-02
8 50 3.879672e-02
1 21 3.879208e-02
81 99 3.877312e-02
24 41 3.876771e-02
52 77 3.870862e-02
11 105 3.868618e-02
22 94 3.866603e-02
11 91 3.864070e-02
13 105 3.860352e-02
15 68 3.855324e-02
33 73 3.854203e-02
34 40 3.853745e-02
7 102 3.851536e-02
20 34 3.849925e-02
48 73 3.845367e-02
27 78 3.836301e-02
3 98 3.834535e-02
19 101 3.833385e-02
63 69 3.831502e-02
13 74 3.831362e-02
69 74 3.830389e-02
29 50 3.829670e-02
18 88 3.827748e-02
53 86 3.825946e-02
67 92 3.823617e-02
2 10 3.811014e-02
22 89 3.808434e-02
67 83 3.803584e-02
9 73 3.803339e-02
28 35 3.800690e-02
19 62 3.799618e-02
31 64 3.799243e-02
3 18 3.793803e-02
36 65 3.792449e-02
13 52 3.781963e-02
49 77 3.776135e-02
17 76 3.772817e-02
54 63 3.771416e-02
84 93 3.768076e-02
72 101 3.764193e-02
33 104 3.758676e-02
43 95 3.755565e-02
61 69 3.749729e-02
59 91 3.748556e-02
28 102 3.745872e-02
14 61 3.737225e-02
15 46 3.734693e-02
93 101 3.732198e-02
16 107 3.730222e-02
32 43 3.725815e-02
36 108 3.725028e-02
19 89 3.718142e-02
25 96 3.717968e-02
78 100 3.715703e-02
91 108 3.715005e-02
42 86 3.712233e-02
26 77 3.707435e-02
46 84 3.707023e-02
1 61 3.704748e-02
19 28 3.703856e-02
4 100 3.701634e-02
71 92 3.700766e-02
92 97 3.698943e-02
28 42 3.696672e-02
59 88 3.694220e-02
62 97 3.692899e-02
54 91 3.692242e-02
77 106 3.691866e-02
37 105 3.688578e-02
12 55 3.687586e-02
24 56 3.687372e-02
96 103 3.680852e-02
35 81 3.668693e-02
15 93 3.668669e-02
52 76 3.664114e-02
14 95 3.662295e-02
36 97 3.657740e-02
26 92 3.655784e-02
15 88 3.646495e-02
40 93 3.644870e-02
59 65 3.643593e-02
39 84 3.643060e-02
30 59 3.629015e-02
64 87 3.625421e-02
1 20 3.620464e-02
17 83 3.620349e-02
21 73 3.620330e-02
40 104 3.619166e-02
20 49 3.618928e-02
10 36 3.614082e-02
2 83 3.610086e-02
4 51 3.607716e-02
8 85 3.586735e-02
67 100 3.586011e-02
68 108 3.584267e-02
43 106 3.584218e-02
49 94 3.581436e-02
76 85 3.579436e-02
20 48 3.574934e-02
40 92 3.573051e-02
54 61 3.570716e-02
30 77 3.561540e-02
50 104 3.544775e-02
56 85 3.541791e-02
50 74 3.538757e-02
50 83 3.530578e-02
73 85 3.530188e-02
46 106 3.525614e-02
71 85 3.525229e-02
64 77 3.522281e-02
24 77 3.521546e-02
2 21 3.520582e-02
5 59 3.519131e-02
20 30 3.517534e-02
54 68 3.517497e-02
30 95 3.517343e-02
10 63 3.512284e-02
36 91 3.506942e-02
79 96 3.504695e-02
31 74 3.499854e-02
2 11 3.498521e-02
29 62 3.498028e-02
6 18 3.495677e-02
59 97 3.492322e-02
59 68 3.492299e-02
19 98 3.492126e-02
28 67 3.490563e-02
33 102 3.489494e-02
8 92 3.489245e-02
55 100 3.487426e-02
20 83 3.483270e-02
14 77 3.481538e-02
26 93 3.478391e-02
28 80 3.477200e-02
6 108 3.475270e-02
2 37 3.474946e-02
4 44 3.472512e-02
19 48 3.472004e-02
27 42 3.469416e-02
9 64 3.466010e-02
43 99 3.464644e-02
42 107 3.464279e-02
26 59 3.456745e-02
57 99 3.455470e-02
17 41 3.451671e-02
40 59 3.446630e-02
65 92 3.446025e-02
35 87 3.444117e-02
14 91 3.440134e-02
77 96 3.438595e-02
18 59 3.432742e-02
43 97 3.428857e-02
20 84 3.421079e-02
24 87 3.420163e-02
1 54 3.416271e-02
73 87 3.408054e-02
17 38 3.393400e-02
34 91 3.388656e-02
19 106 3.388639e-02
94 101 3.387377e-02
11 89 3.385579e-02
66 107 3.381473e-02
7 32 3.381009e-02
19 40 3.380760e-02
24 103 3.375790e-02
17 82 3.374897e-02
11 90 3.372328e-02
65 82 3.372168e-02
21 47 3.371406e-02
18 82 3.368735e-02
74 104 3.367732e-02
6 68 3.366481e-02
9 33 3.364158e-02
44 88 3.358426e-02
4 31 3.357954e-02
3 74 3.355368e-02
73 92 3.353965e-02
43 67 3.352329e-02
47 52 3.351530e-02
87 98 3.346088e-02
49 91 3.342552e-02
33 63 3.341553e-02
88 93 3.338947e-02
23 49 3.332942e-02
17 45 3.332640e-02
17 95 3.329546e-02
48 95 3.325625e-02
51 64 3.322381e-02
82 96 3.309538e-02
75 94 3.304630e-02
31 96 3.302577e-02
4 48 3.302060e-02
89 106 3.301709e-02
10 68 3.299124e-02
39 74 3.295526e-02
16 76 3.295103e-02
6 36 3.294329e-02
29 40 3.293918e-02
43 104 3.293682e-02
36 74 3.287592e-02
82 102 3.284849e-02
20 89 3.282697e-02
39 77 3.269201e-02
40 102 3.266851e-02
35 86 3.264207e-02
11 62 3.260856e-02
51 74 3.259587e-02
29 77 3.252369e-02
33 43 3.248651e-02
9 35 3.247795e-02
36 62 3.246478e-02
45 107 3.243120e-02
8 71 3.233208e-02
7 107 3.224152e-02
10 61 3.223097e-02
51 97 3.220353e-02
49 63 3.217875e-02
30 98 3.217702e-02
61 66 3.210806e-02
18 68 3.210261e-02
55 99 3.209959e-02
4 72 3.207503e-02
41 90 3.207404e-02
53 81 3.197914e-02
26 73 3.192971e-02
61 85 3.189701e-02
11 68 3.188645e-02
10 48 3.180687e-02
6 59 3.174813e-02
6 64 3.174797e-02
56 105 3.174594e-02
19 30 3.172717e-02
59 70 3.171732e-02
24 52 3.166839e-02
18 39 3.166768e-02
21 33 3.165578e-02
6 95 3.162341e-02
76 101 3.157983e-02
27 50 3.157145e-02
44 77 3.155100e-02
13 68 3.154572e-02
39 88 3.154290e-02
1 65 3.153797e-02
2 70 3.152139e-02
29 79 3.150916e-02
26 61 3.147133e-02
3 10 3.145958e-02
27 107 3.138980e-02
33 74 3.138658e-02
85 97 3.132254e-02
59 74 3.131581e-02
14 59 3.128207e-02
46 68 3.127802e-02
77 83 3.120039e-02
1 48 3.119022e-02
55 78 3.118530e-02
30 51 3.117111e-02
40 65 3.112587e-02
67 85 3.112489e-02
15 98 3.112431e-02
4 67 3.110691e-02
13 19 3.107461e-02
69 101 3.101198e-02
5 61 3.093458e-02
78 103 3.090246e-02
16 94 3.088064e-02
95 105 3.087048e-02
21 88 3.086537e-02
57 83 3.086208e-02
40 61 3.072401e-02
35 57 3.071559e-02
46 89 3.070118e-02
5 13 3.065944e-02
10 54 3.065622e-02
52 88 3.062025e-02
31 77 3.052802e-02
22 35 3.050721e-02
73 95 3.048632e-02
34 62 3.047135e-02
29 39 3.046464e-02
36 106 3.045284e-02
24 32 3.044259e-02
75 96 3.043079e-02
34 54 3.042205e-02
8 68 3.039311e-02
42 71 3.039130e-02
9 48 3.038765e-02
52 91 3.038758e-02
2 40 3.037502e-02
70 91 3.034755e-02
21 100 3.033301e-02
20 71 3.033283e-02
65 93 3.031893e-02
90 106 3.029909e-02
39 59 3.027115e-02
88 104 3.026904e-02
36 93 3.019464e-02
1 63 3.016710e-02
30 81 3.016671e-02
5 60 3.013807e-02
34 108 3.009318e-02
30 54 3.008805e-02
60 66 3.007647e-02
55 102 3.004890e-02
21 59 3.004396e-02
28 81 3.003502e-02
60 93 3.002632e-02
17 30 3.001909e-02
11 46 3.000112e-02
3 108 2.995275e-02
54 71 2.994885e-02
31 100 2.994717e-02
65 87 2.990744e-02
8 95 2.984175e-02
63 74 2.980551e-02
48 68 2.977394e-02
51 90 2.974966e-02
49 108 2.974223e-02
8 59 2.973328e-02
26 90 2.967105e-02
72 100 2.961246e-02
5 65 2.960791e-02
44 67 2.959426e-02
13 18 2.959181e-02
37 62 2.955969e-02
48 102 2.953234e-02
43 82 2.953130e-02
32 76 2.951352e-02
4 20 2.949825e-02
28 56 2.946958e-02
21 91 2.945592e-02
2 108 2.942781e-02
5 34 2.940199e-02
52 61 2.936726e-02
22 62 2.930962e-02
41 79 2.927690e-02
56 78 2.926921e-02
15 22 2.925914e-02
36 41 2.923860e-02
81 89 2.923771e-02
10 108 2.922809e-02
28 99 2.917284e-02
21 83 2.914764e-02
44 101 2.914520e-02
43 93 2.914189e-02
19 87 2.913983e-02
4 32 2.913200e-02
63 104 2.912906e-02
60 107 2.905483e-02
21 90 2.905180e-02
2 47 2.904034e-02
19 88 2.897214e-02
1 56 2.895774e-02
10 52 2.890570e-02
72 96 2.888822e-02
33 87 2.886911e-02
16 70 2.886732e-02
18 108 2.883839e-02
27 56 2.883613e-02
16 66 2.882077e-02
38 86 2.871735e-02
17 108 2.869353e-02
15 57 2.867918e-02
31 84 2.866940e-02
62 93 2.866637e-02
83 93 2.864379e-02
43 50 2.862902e-02
18 67 2.859758e-02
18 85 2.855136e-02
57 86 2.854360e-02
50 85 2.852014e-02
4 59 2.846546e-02
6 44 2.845562e-02
40 87 2.845229e-02
19 39 2.844179e-02
50 84 2.839899e-02
43 85 2.839317e-02
4 26 2.833266e-02
15 59 2.832477e-02
47 86 2.831284e-02
2 22 2.829664e-02
2 13 2.822542e-02
4 18 2.819921e-02
35 55 2.817617e-02
21 69 2.813949e-02
22 74 2.812338e-02
5 20 2.808844e-02
17 40 2.804428e-02
27 102 2.798786e-02
28 75 2.798755e-02
48 92 2.794241e-02
37 106 2.792160e-02
67 77 2.791085e-02
12 17 2.790219e-02
32 100 2.787191e-02
18 71 2.786101e-02
2 15 2.786093e-02
56 66 2.780384e-02
66 96 2.779534e-02
12 94 2.779300e-02
12 89 2.778827e-02
14 104 2.775235e-02
87 97 2.773249e-02
9 67 2.772135e-02
34 57 2.771337e-02
63 100 2.770155e-02
15 70 2.766818e-02
10 104 2.764784e-02
71 84 2.762974e-02
5 71 2.761178e-02
46 51 2.758141e-02
5 50 2.756263e-02
8 34 2.755614e-02
41 64 2.754876e-02
25 93 2.754831e-02
82 108 2.753492e-02
2 17 2.751560e-02
51 100 2.747030e-02
74 93 2.745298e-02
14 44 2.745223e-02
35 80 2.740338e-02
8 40 2.740228e-02
44 91 2.739466e-02
17 65 2.735761e-02
44 79 2.733702e-02
6 61 2.733138e-02
25 88 2.732928e-02
55 82 2.729817e-02
29 96 2.728483e-02
9 95 2.728342e-02
48 76 2.727232e-02
55 90 2.725198e-02
54 84 2.723007e-02
26 72 2.718321e-02
6 48 2.715107e-02
8 67 2.710458e-02
16 103 2.708981e-02
90 97 2.708477e-02
48 57 2.707231e-02
34 95 2.707088e-02
30 85 2.706454e-02
67 105 2.706399e-02
9 97 2.700153e-02
58 66 2.699245e-02
8 21 2.696678e-02
30 84 2.696196e-02
3 83 2.695637e-02
1 97 2.694910e-02
14 63 2.694597e-02
22 73 2.689253e-02
6 76 2.688249e-02
35 59 2.681234e-02
87 106 2.676931e-02
38 48 2.676893e-02
15 31 2.676755e-02
60 70 2.676366e-02
51 92 2.675354e-02
75 86 2.674783e-02
13 29 2.674331e-02
27 32 2.668667e-02
22 77 2.667675e-02
39 46 2.665176e-02
66 77 2.663901e-02
40 106 2.663618e-02
83 92 2.661558e-02
62 95 2.661337e-02
17 24 2.659336e-02
61 71 2.658190e-02
15 44 2.656505e-02
59 92 2.656493e-02
15 77 2.656074e-02
48 87 2.655236e-02
37 73 2.652283e-02
17 84 2.652018e-02
3 35 2.651357e-02
50 90 2.645544e-02
86 92 2.645419e-02
29 44 2.641993e-02
48 81 2.638737e-02
66 105 2.635581e-02
51 86 2.635348e-02
19 43 2.634576e-02
28 71 2.633966e-02
15 69 2.633564e-02
18 107 2.633241e-02
31 93 2.632614e-02
54 77 2.632348e-02
19 47 2.631318e-02
12 97 2.628021e-02
1 58 2.623659e-02
14 73 2.622953e-02
5 41 2.622530e-02
98 104 2.620542e-02
26 65 2.616210e-02
17 75 2.615414e-02
99 107 2.613118e-02
59 71 2.612127e-02
57 80 2.609754e-02
29 105 2.608735e-02
51 65 2.606253e-02
29 100 2.604828e-02
13 40 2.601244e-02
36 69 2.594408e-02
26 108 2.593332e-02
102 108 2.591540e-02
50 71 2.589189e-02
10 15 2.586379e-02
46 97 2.578155e-02
73 103 2.576771e-02
6 19 2.576359e-02
11 18 2.570243e-02
14 21 2.569838e-02
80 91 2.564985e-02
39 87 2.561986e-02
16 67 2.561609e-02
56 80 2.556815e-02
71 106 2.555627e-02
9 103 2.553864e-02
3 24 2.538965e-02
4 68 2.537568e-02
36 64 2.536005e-02
32 42 2.533245e-02
48 84 2.532594e-02
32 38 2.531815e-02
24 36 2.527153e-02
28 86 2.526750e-02
13 67 2.525211e-02
61 73 2.524676e-02
31 104 2.521070e-02
46 71 2.517730e-02
55 108 2.509405e-02
65 73 2.506548e-02
40 51 2.504317e-02
51 89 2.503293e-02
13 33 2.497058e-02
40 101 2.495860e-02
28 38 2.495746e-02
26 32 2.495625e-02
95 103 2.490843e-02
8 57 2.490306e-02
9 39 2.488598e-02
96 106 2.486488e-02
21 76 2.485868e-02
67 94 2.480115e-02
51 88 2.478323e-02
11 47 2.475859e-02
12 49 2.475836e-02
61 84 2.468791e-02
52 87 2.467338e-02
13 87 2.462962e-02
44 65 2.461517e-02
32 65 2.459823e-02
20 54 2.455367e-02
17 37 2.453874e-02
3 85 2.449900e-02
34 71 2.447546e-02
8 91 2.444822e-02
41 107 2.440694e-02
91 105 2.437218e-02
30 65 2.436685e-02
40 82 2.435645e-02
28 95 2.435032e-02
33 90 2.430226e-02
51 93 2.429490e-02
65 104 2.427302e-02
50 70 2.417552e-02
65 86 2.411052e-02
4 34 2.409802e-02
49 86 2.407234e-02
6 52 2.403014e-02
59 84 2.401671e-02
8 73 2.399351e-02
4 43 2.397954e-02
5 87 2.396402e-02
65 101 2.395931e-02
65 70 2.385085e-02
20 28 2.379933e-02
9 74 2.378698e-02
64 84 2.374803e-02
3 104 2.372975e-02
13 80 2.365498e-02
52 68 2.362293e-02
82 97 2.359751e-02
66 82 2.357067e-02
29 82 2.356813e-02
88 97 2.356758e-02
49 83 2.353519e-02
42 102 2.350121e-02
34 85 2.349529e-02
32 41 2.346504e-02
46 87 2.346094e-02
37 98 2.340595e-02
26 39 2.339169e-02
54 92 2.334723e-02
47 56 2.333971e-02
53 66 2.330309e-02
4 39 2.324880e-02
64 69 2.324524e-02
82 103 2.322701e-02
28 60 2.321113e-02
37 88 2.321030e-02
40 63 2.318311e-02
31 56 2.315878e-02
30 44 2.315408e-02
65 85 2.314776e-02
44 97 2.314315e-02
6 14 2.308748e-02
40 73 2.304456e-02
30 91 2.304057e-02
44 106 2.302076e-02
28 48 2.296807e-02
66 73 2.296665e-02
33 101 2.294833e-02
31 37 2.290124e-02
6 71 2.289735e-02
21 50 2.287523e-02
68 88 2.286225e-02
39 48 2.284392e-02
71 101 2.283733e-02
1 22 2.283155e-02
19 77 2.282619e-02
32 53 2.282510e-02
43 64 2.281775e-02
36 77 2.281701e-02
6 57 2.278197e-02
47 76 2.275233e-02
34 105 2.273802e-02
37 91 2.273156e-02
73 93 2.272801e-02
31 50 2.266731e-02
11 104 2.260031e-02
27 35 2.258927e-02
51 69 2.258906e-02
57 94 2.254704e-02
13 58 2.251768e-02
64 106 2.250502e-02
31 57 2.247010e-02
15 87 2.245117e-02
27 34 2.244278e-02
4 40 2.239461e-02
47 71 2.239311e-02
60 96 2.234366e-02
4 49 2.232623e-02
42 100 2.230258e-02
24 95 2.227794e-02
3 48 2.226231e-02
44 105 2.223412e-02
34 39 2.216585e-02
76 89 2.213250e-02
79 90 2.211491e-02
83 104 2.208265e-02
54 88 2.206595e-02
40 67 2.204639e-02
51 67 2.203652e-02
35 108 2.198902e-02
20 62 2.197072e-02
14 92 2.193660e-02
37 87 2.190269e-02
5 79 2.190027e-02
34 44 2.189789e-02
67 72 2.189021e-02
4 65 2.188921e-02
97 106 2.188543e-02
27 69 2.188152e-02
3 95 2.188085e-02
7 35 2.182391e-02
29 41 2.181890e-02
30 37 2.181473e-02
37 65 2.178515e-02
5 92 2.178304e-02
17 78 2.177371e-02
62 87 2.167838e-02
21 61 2.167316e-02
9 89 2.164992e-02
56 61 2.164725e-02
33 51 2.163942e-02
13 101 2.163542e-02
82 87 2.159351e-02
52 74 2.157101e-02
39 67 2.155482e-02
40 64 2.153486e-02
27 91 2.148279e-02
8 107 2.147519e-02
4 19 2.146127e-02
9 47 2.145794e-02
21 63 2.145455e-02
32 72 2.141796e-02
48 59 2.141575e-02
40 97 2.136043e-02
81 107 2.133371e-02
30 46 2.128892e-02
11 100 2.125935e-02
4 83 2.124442e-02
65 84 2.121987e-02
9 40 2.121819e-02
21 52 2.119725e-02
57 67 2.119342e-02
44 95 2.115476e-02
6 69 2.112735e-02
29 67 2.112540e-02
22 45 2.111761e-02
74 88 2.110715e-02
2 89 2.110501e-02
20 57 2.108628e-02
52 65 2.104903e-02
59 83 2.099594e-02
31 103 2.099284e-02
25 94 2.095913e-02
27 54 2.095765e-02
10 59 2.092281e-02
13 56 2.091212e-02
56 100 2.088873e-02
14 65 2.088375e-02
70 81 2.086864e-02
95 104 2.082190e-02
68 91 2.078468e-02
84 105 2.078295e-02
11 48 2.074155e-02
3 91 2.072425e-02
39 50 2.071454e-02
68 94 2.070660e-02
37 43 2.068800e-02
50 92 2.068115e-02
50 65 2.062780e-02
67 97 2.058563e-02
11 77 2.056056e-02
9 96 2.055662e-02
26 71 2.053432e-02
39 68 2.052168e-02
3 101 2.049260e-02
6 105 2.047055e-02
76 100 2.045622e-02
82 91 2.044253e-02
4 73 2.043758e-02
67 87 2.043227e-02
66 76 2.042573e-02
69 90 2.041345e-02
47 92 2.034122e-02
50 64 2.030200e-02
48 61 2.025295e-02
77 88 2.023871e-02
56 95 2.022832e-02
61 91 2.019471e-02
6 97 2.013042e-02
29 78 2.012662e-02
1 88 2.006726e-02
31 79 2.006203e-02
11 39 2.003639e-02
19 56 2.001341e-02
63 93 1.998799e-02
94 107 1.996260e-02
82 95 1.994157e-02
74 82 1.990476e-02
45 102 1.988999e-02
39 62 1.988804e-02
18 62 1.985656e-02
79 93 1.983222e-02
92 101 1.982214e-02
11 21 1.981300e-02
3 20 1.981230e-02
1 8 1.978807e-02
48 108 1.976160e-02
39 94 1.974694e-02
18 50 1.972949e-02
7 57 1.972337e-02
36 101 1.967581e-02
34 68 1.966666e-02
67 76 1.966174e-02
47 78 1.964429e-02
22 30 1.962660e-02
21 85 1.959111e-02
89 97 1.941039e-02
59 89 1.938510e-02
84 108 1.935720e-02
17 85 1.935557e-02
11 22 1.935246e-02
80 92 1.932100e-02
21 62 1.931184e-02
25 47 1.930389e-02
26 34 1.923759e-02
4 87 1.920875e-02
73 104 1.919942e-02
30 104 1.919668e-02
84 98 1.919269e-02
2 25 1.915051e-02
33 106 1.914661e-02
40 94 1.911876e-02
4 88 1.910397e-02
5 38 1.906377e-02
29 72 1.899880e-02
7 17 1.893803e-02
31 43 1.890743e-02
82 92 1.889483e-02
19 73 1.888654e-02
2 106 1.888296e-02
2 74 1.886914e-02
10 102 1.885653e-02
69 89 1.884873e-02
55 91 1.882450e-02
1 89 1.875320e-02
33 41 1.874823e-02
35 67 1.872221e-02
46 82 1.871032e-02
65 89 1.870649e-02
8 101 1.870380e-02
76 81 1.866110e-02
45 67 1.865892e-02
27 63 1.865818e-02
73 106 1.865520e-02
5 55 1.857512e-02
41 102 1.856069e-02
54 90 1.855863e-02
18 73 1.855548e-02
2 54 1.855194e-02
71 97 1.854467e-02
35 79 1.852435e-02
16 59 1.851564e-02
22 31 1.847499e-02
43 57 1.844146e-02
2 19 1.843198e-02
35 46 1.839255e-02
102 107 1.835977e-02
44 85 1.829849e-02
71 91 1.829461e-02
2 71 1.828730e-02
58 68 1.822417e-02
4 61 1.822392e-02
45 76 1.818629e-02
56 67 1.818324e-02
44 49 1.816009e-02
49 76 1.808817e-02
31 51 1.806286e-02
16 28 1.804442e-02
26 37 1.804166e-02
52 100 1.800615e-02
37 52 1.798249e-02
43 48 1.797591e-02
24 37 1.796357e-02
5 64 1.795495e-02
11 73 1.792476e-02
90 108 1.791508e-02
59 107 1.782213e-02
39 57 1.781994e-02
25 100 1.781775e-02
35 85 1.777680e-02
71 87 1.777189e-02
26 94 1.774673e-02
3 26 1.770393e-02
3 63 1.769950e-02
66 98 1.767806e-02
91 106 1.763619e-02
9 72 1.759206e-02
10 18 1.746658e-02
70 93 1.745798e-02
15 52 1.742954e-02
16 56 1.740407e-02
6 51 1.738964e-02
30 87 1.733080e-02
74 85 1.731402e-02
54 98 1.725870e-02
47 73 1.719840e-02
2 18 1.718822e-02
49 103 1.717080e-02
9 51 1.713778e-02
42 88 1.712844e-02
40 47 1.710252e-02
14 57 1.709158e-02
19 54 1.707539e-02
4 95 1.705574e-02
9 87 1.705370e-02
76 107 1.703573e-02
34 65 1.698522e-02
29 102 1.695847e-02
76 93 1.694434e-02
90 101 1.693544e-02
80 105 1.692364e-02
31 40 1.690221e-02
78 86 1.682993e-02
26 88 1.682738e-02
2 95 1.671466e-02
17 32 1.671329e-02
7 30 1.670612e-02
19 94 1.664061e-02
86 99 1.663160e-02
47 93 1.660948e-02
4 106 1.658209e-02
52 98 1.654550e-02
9 28 1.651675e-02
37 59 1.649677e-02
20 63 1.646467e-02
32 74 1.641443e-02
39 56 1.636787e-02
70 104 1.635975e-02
8 48 1.635699e-02
76 99 1.632565e-02
58 100 1.631693e-02
5 88 1.631437e-02
8 108 1.625528e-02
1 74 1.622572e-02
25 63 1.621813e-02
26 52 1.620831e-02
74 102 1.613899e-02
35 66 1.613819e-02
63 71 1.610007e-02
33 82 1.607248e-02
83 89 1.604647e-02
9 106 1.600471e-02
70 89 1.596880e-02
8 47 1.595675e-02
55 63 1.594647e-02
39 92 1.593980e-02
1 26 1.592763e-02
58 91 1.588031e-02
9 46 1.587962e-02
68 106 1.587183e-02
67 93 1.586257e-02
80 102 1.583534e-02
41 96 1.576282e-02
36 95 1.576002e-02
56 91 1.575948e-02
22 46 1.575508e-02
30 86 1.574600e-02
46 64 1.573537e-02
2 67 1.572180e-02
28 106 1.571753e-02
68 85 1.570632e-02
2 92 1.564304e-02
13 95 1.564300e-02
66 79 1.552028e-02
44 84 1.551480e-02
20 64 1.548161e-02
8 72 1.546021e-02
10 37 1.542492e-02
64 73 1.535096e-02
43 65 1.531322e-02
20 68 1.529661e-02
61 94 1.527962e-02
3 17 1.525288e-02
85 93 1.525285e-02
31 83 1.520247e-02
29 107 1.516702e-02
11 64 1.516121e-02
48 74 1.514995e-02
40 69 1.511546e-02
42 70 1.509103e-02
76 94 1.509068e-02
61 90 1.508672e-02
26 42 1.507693e-02
69 85 1.496923e-02
21 106 1.495095e-02
85 100 1.492586e-02
2 93 1.491472e-02
56 106 1.490238e-02
51 60 1.483849e-02
3 70 1.478833e-02
8 81 1.477491e-02
22 98 1.467863e-02
31 52 1.466885e-02
1 67 1.466767e-02
18 101 1.465325e-02
80 90 1.464269e-02
68 104 1.463607e-02
68 101 1.460063e-02
8 79 1.459228e-02
89 104 1.458793e-02
31 62 1.457379e-02
2 31 1.456760e-02
50 98 1.454617e-02
95 106 1.454500e-02
12 52 1.449395e-02
33 46 1.446017e-02
2 65 1.445191e-02
21 70 1.441957e-02
1 92 1.434376e-02
30 61 1.433903e-02
21 48 1.431389e-02
51 103 1.426011e-02
44 94 1.423550e-02
65 108 1.421906e-02
7 37 1.417352e-02
17 59 1.415376e-02
2 87 1.415190e-02
46 108 1.414486e-02
12 35 1.413685e-02
52 83 1.412493e-02
26 82 1.410263e-02
5 104 1.408086e-02
19 78 1.404169e-02
66 101 1.397634e-02
43 88 1.394630e-02
15 34 1.394384e-02
18 37 1.390463e-02
21 36 1.389663e-02
78 98 1.386361e-02
40 89 1.383933e-02
5 10 1.378312e-02
31 95 1.377749e-02
54 79 1.375840e-02
32 70 1.374312e-02
80 86 1.372800e-02
46 69 1.372234e-02
64 83 1.372214e-02
36 52 1.370250e-02
6 77 1.367278e-02
8 75 1.363073e-02
66 75 1.362131e-02
81 93 1.361592e-02
47 108 1.361425e-02
14 71 1.360118e-02
80 94 1.356448e-02
33 88 1.356434e-02
5 46 1.355097e-02
33 62 1.354666e-02
32 103 1.354464e-02
44 92 1.354080e-02
31 106 1.347304e-02
1 77 1.340745e-02
28 47 1.339552e-02
76 105 1.339056e-02
21 49 1.338648e-02
50 106 1.338419e-02
9 26 1.338021e-02
84 104 1.333462e-02
48 91 1.332857e-02
3 84 1.332111e-02
50 76 1.330212e-02
28 49 1.329136e-02
4 10 1.328356e-02
69 108 1.326478e-02
38 76 1.322649e-02
13 69 1.321968e-02
76 88 1.321131e-02
49 96 1.319605e-02
15 39 1.318866e-02
38 96 1.315863e-02
74 84 1.315095e-02
91 97 1.311761e-02
34 99 1.310523e-02
24 96 1.310143e-02
11 78 1.309727e-02
10 33 1.307726e-02
20 39 1.307180e-02
39 106 1.306377e-02
77 87 1.304289e-02
36 78 1.304008e-02
5 52 1.303661e-02
63 72 1.303624e-02
3 33 1.300935e-02
28 72 1.300493e-02
26 96 1.299341e-02
28 91 1.293694e-02
19 51 1.292590e-02
61 77 1.292304e-02
19 69 1.291695e-02
6 39 1.288665e-02
52 81 1.285801e-02
89 95 1.280152e-02
9 101 1.277682e-02
36 47 1.277190e-02
18 84 1.273443e-02
20 61 1.271475e-02
8 36 1.269222e-02
30 36 1.263506e-02
45 100 1.258250e-02
57 90 1.257683e-02
17 55 1.253723e-02
77 89 1.253228e-02
66 80 1.252824e-02
27 108 1.251386e-02
2 61 1.251093e-02
5 42 1.250257e-02
55 86 1.249527e-02
4 97 1.246537e-02
29 88 1.245623e-02
103 108 1.244419e-02
13 49 1.243563e-02
64 71 1.236476e-02
20 91 1.235484e-02
51 71 1.234600e-02
61 68 1.233879e-02
10 73 1.230870e-02
33 95 1.219469e-02
70 76 1.218230e-02
34 97 1.217679e-02
34 98 1.216556e-02
45 77 1.215473e-02
62 102 1.214513e-02
14 87 1.214038e-02
37 76 1.209733e-02
6 87 1.208676e-02
6 40 1.208409e-02
6 66 1.206133e-02
58 71 1.204235e-02
18 91 1.203649e-02
19 67 1.202506e-02
48 85 1.202180e-02
36 90 1.201802e-02
28 87 1.200592e-02
30 74 1.199767e-02
22 96 1.197826e-02
11 36 1.188555e-02
19 50 1.187148e-02
46 63 1.186214e-02
54 65 1.184910e-02
20 104 1.184612e-02
27 76 1.184533e-02
50 77 1.184427e-02
62 82 1.184133e-02
94 106 1.183160e-02
78 97 1.181659e-02
3 39 1.176669e-02
49 69 1.174659e-02
40 54 1.173629e-02
26 44 1.172745e-02
37 96 1.169679e-02
6 88 1.168279e-02
67 104 1.167945e-02
18 48 1.166132e-02
36 89 1.163696e-02
17 71 1.154788e-02
3 54 1.150817e-02
60 102 1.145356e-02
16 54 1.140672e-02
26 76 1.139359e-02
19 91 1.134749e-02
56 104 1.133921e-02
33 93 1.132247e-02
18 51 1.131951e-02
3 64 1.128892e-02
37 57 1.126628e-02
59 103 1.123514e-02
4 79 1.121827e-02
46 90 1.119934e-02
15 33 1.118577e-02
21 77 1.114203e-02
5 74 1.113142e-02
63 70 1.110567e-02
63 95 1.107423e-02
66 95 1.106752e-02
6 17 1.105419e-02
20 102 1.100101e-02
88 98 1.098607e-02
61 105 1.087830e-02
16 96 1.087611e-02
67 108 1.085377e-02
9 71 1.084829e-02
1 106 1.077801e-02
57 66 1.076603e-02
20 96 1.074785e-02
19 35 1.072395e-02
88 108 1.064588e-02
47 90 1.064262e-02
28 105 1.057637e-02
6 74 1.056710e-02
51 106 1.054053e-02
10 67 1.051515e-02
84 106 1.048643e-02
9 43 1.047039e-02
69 97 1.043396e-02
1 71 1.041127e-02
32 86 1.039852e-02
37 48 1.038206e-02
7 82 1.034120e-02
9 61 1.032198e-02
71 105 1.032037e-02
6 101 1.031708e-02
31 90 1.028831e-02
62 76 1.025270e-02
11 106 1.023489e-02
44 56 1.021674e-02
4 56 1.019260e-02
16 39 1.014318e-02
39 93 1.008238e-02
61 83 1.006698e-02
29 47 1.003389e-02
22 97 1.003377e-02
61 95 9.970213e-03
17 34 9.956902e-03
47 101 9.920153e-03
14 39 9.917449e-03
22 59 9.904376e-03
22 88 9.845628e-03
19 82 9.820564e-03
23 100 9.797874e-03
55 81 9.780606e-03
66 93 9.779177e-03
20 77 9.766966e-03
34 75 9.720331e-03
4 29 9.720328e-03
39 76 9.627993e-03
21 31 9.615994e-03
37 99 9.596434e-03
70 107 9.591711e-03
48 105 9.543685e-03
55 77 9.538303e-03
22 105 9.520900e-03
39 52 9.507056e-03
13 90 9.496655e-03
34 76 9.484660e-03
12 69 9.455342e-03
18 81 9.436646e-03
48 71 9.416548e-03
11 93 9.395622e-03
34 52 9.391522e-03
73 97 9.381574e-03
47 88 9.351459e-03
9 19 9.275435e-03
18 29 9.272662e-03
20 50 9.256342e-03
64 90 9.238687e-03
39 89 9.237817e-03
18 46 9.233348e-03
57 63 9.193444e-03
58 92 9.185523e-03
39 100 9.171632e-03
69 104 9.088661e-03
15 105 9.084835e-03
14 76 9.056588e-03
4 76 9.043979e-03
57 69 9.038118e-03
40 83 9.018802e-03
46 98 9.014869e-03
17 86 8.989723e-03
56 99 8.988099e-03
28 98 8.982427e-03
30 94 8.941265e-03
59 100 8.931520e-03
63 73 8.927074e-03
22 40 8.901383e-03
33 57 8.886549e-03
14 107 8.884445e-03
58 82 8.864930e-03
8 61 8.862843e-03
20 108 8.846375e-03
37 54 8.829301e-03
21 80 8.808488e-03
13 31 8.773684e-03
55 93 8.771648e-03
2 62 8.766564e-03
35 41 8.720671e-03
51 83 8.706423e-03
4 85 8.702010e-03
85 91 8.662981e-03
3 40 8.535002e-03
54 95 8.523787e-03
70 105 8.522187e-03
5 14 8.489776e-03
56 83 8.429427e-03
63 97 8.419006e-03
29 93 8.391520e-03
31 66 8.370812e-03
21 86 8.285535e-03
71 108 8.267212e-03
61 88 8.135661e-03
49 81 8.019399e-03
44 69 8.015567e-03
3 100 8.010262e-03
6 21 7.995754e-03
92 107 7.977285e-03
2 14 7.956938e-03
22 71 7.955143e-03
4 57 7.942560e-03
15 30 7.896691e-03
88 102 7.860678e-03
66 92 7.859583e-03
5 84 7.848562e-03
21 29 7.831144e-03
1 47 7.800013e-03
29 53 7.774566e-03
26 101 7.773267e-03
2 12 7.767083e-03
28 82 7.738276e-03
4 70 7.728479e-03
12 84 7.687010e-03
13 98 7.674187e-03
7 85 7.643625e-03
31 53 7.632013e-03
24 66 7.592591e-03
66 90 7.560214e-03
44 70 7.548238e-03
14 83 7.539554e-03
6 11 7.527240e-03
9 60 7.519669e-03
47 84 7.512898e-03
29 70 7.489929e-03
5 68 7.465770e-03
62 67 7.443666e-03
13 48 7.433977e-03
54 105 7.421078e-03
12 70 7.404546e-03
47 67 7.403627e-03
62 96 7.401056e-03
22 53 7.398056e-03
8 51 7.396690e-03
16 82 7.352578e-03
34 50 7.332378e-03
20 69 7.331384e-03
34 48 7.329344e-03
15 50 7.282858e-03
13 82 7.251395e-03
5 24 7.250482e-03
26 31 7.229098e-03
31 39 7.221995e-03
26 86 7.213918e-03
62 92 7.211524e-03
48 67 7.200776e-03
73 80 7.196680e-03
55 76 7.188126e-03
41 80 7.171247e-03
20 88 7.162344e-03
57 93 7.146781e-03
18 65 7.128899e-03
37 108 7.128734e-03
19 80 7.078173e-03
62 74 7.072740e-03
74 95 7.033555e-03
13 22 7.030430e-03
28 74 7.011409e-03
58 101 6.993855e-03
10 71 6.985258e-03
68 97 6.980512e-03
50 96 6.920678e-03
6 54 6.907527e-03
39 73 6.880748e-03
70 88 6.777263e-03
5 57 6.772002e-03
28 73 6.737356e-03
41 91 6.702061e-03
30 39 6.677073e-03
41 78 6.641034e-03
52 66 6.620374e-03
8 64 6.569490e-03
79 85 6.533150e-03
48 65 6.475432e-03
53 100 6.436579e-03
13 81 6.424537e-03
23 39 6.384851e-03
71 98 6.313047e-03
70 85 6.309328e-03
56 73 6.286422e-03
11 96 6.255579e-03
81 100 6.242057e-03
61 76 6.226355e-03
21 26 6.224942e-03
8 89 6.178774e-03
70 82 6.102309e-03
46 59 6.093501e-03
47 95 6.084954e-03
10 81 6.061560e-03
1 33 6.043120e-03
16 22 6.005179e-03
5 99 5.979291e-03
2 101 5.969296e-03
37 94 5.966261e-03
70 98 5.948760e-03
70 90 5.939657e-03
29 55 5.936326e-03
50 107 5.904328e-03
32 49 5.903264e-03
26 80 5.890750e-03
58 76 5.888551e-03
48 56 5.879925e-03
13 96 5.872950e-03
90 103 5.871378e-03
80 88 5.850096e-03
6 83 5.839034e-03
15 64 5.837489e-03
29 59 5.829529e-03
98 105 5.827922e-03
35 93 5.826310e-03
17 48 5.789118e-03
19 44 5.772967e-03
26 63 5.768680e-03
26 106 5.767367e-03
8 84 5.765122e-03
73 105 5.762592e-03
4 50 5.742801e-03
32 101 5.674464e-03
53 76 5.672373e-03
1 83 5.660290e-03
9 31 5.635181e-03
52 106 5.603443e-03
6 28 5.550537e-03
8 32 5.538755e-03
29 54 5.537360e-03
59 73 5.528559e-03
3 106 5.494771e-03
5 17 5.429007e-03
61 104 5.417698e-03
11 69 5.406927e-03
54 62 5.376284e-03
22 42 5.361807e-03
3 14 5.351930e-03
63 91 5.344359e-03
59 66 5.321559e-03
2 49 5.306278e-03
67 99 5.286181e-03
13 62 5.220362e-03
56 97 5.205772e-03
31 49 5.205134e-03
18 97 5.191039e-03
18 40 5.141248e-03
12 77 5.101207e-03
52 57 5.055476e-03
57 102 5.051192e-03
65 95 5.043739e-03
14 68 5.031564e-03
76 98 5.020097e-03
19 33 4.995798e-03
89 96 4.987685e-03
11 51 4.979945e-03
7 46 4.979345e-03
11 37 4.953227e-03
74 87 4.950938e-03
11 59 4.938794e-03
32 107 4.929650e-03
1 98 4.904427e-03
51 82 4.903246e-03
53 64 4.868232e-03
9 50 4.865499e-03
24 67 4.860722e-03
80 95 4.821620e-03
5 93 4.800992e-03
5 16 4.737143e-03
12 108 4.720310e-03
8 100 4.680735e-03
29 61 4.674266e-03
21 102 4.620434e-03
6 82 4.619267e-03
4 13 4.596331e-03
10 44 4.576428e-03
48 90 4.562553e-03
24 49 4.520091e-03
28 45 4.472706e-03
43 49 4.460999e-03
58 98 4.447751e-03
76 83 4.447393e-03
64 91 4.426761e-03
31 36 4.411404e-03
39 96 4.409244e-03
7 19 4.355491e-03
71 93 4.343116e-03
6 85 4.308707e-03
88 101 4.243588e-03
31 108 4.207050e-03
10 101 4.153761e-03
30 108 4.123999e-03
14 102 4.120739e-03
2 32 4.106374e-03
11 35 4.065173e-03
15 66 4.061141e-03
53 69 4.053553e-03
15 67 4.050041e-03
4 12 4.017889e-03
22 52 3.987366e-03
6 38 3.957089e-03
47 70 3.952557e-03
2 48 3.948437e-03
28 70 3.923961e-03
33 49 3.874720e-03
64 95 3.839479e-03
62 108 3.802120e-03
21 43 3.788257e-03
98 106 3.779267e-03
7 16 3.766251e-03
57 88 3.732765e-03
67 74 3.719811e-03
62 90 3.703103e-03
57 70 3.697576e-03
47 65 3.694027e-03
21 65 3.670024e-03
34 46 3.663486e-03
34 101 3.652621e-03
15 61 3.649407e-03
28 53 3.641180e-03
4 71 3.632587e-03
8 28 3.610938e-03
6 31 3.550138e-03
29 106 3.539427e-03
65 88 3.529378e-03
11 101 3.529171e-03
31 73 3.522658e-03
19 97 3.500527e-03
41 106 3.450592e-03
64 89 3.439676e-03
14 97 3.436751e-03
14 36 3.432574e-03
13 36 3.421701e-03
11 99 3.392895e-03
8 63 3.328447e-03
90 105 3.319479e-03
48 54 3.318782e-03
4 92 3.316664e-03
22 43 3.315633e-03
46 102 3.305412e-03
35 56 3.261590e-03
1 76 3.213109e-03
18 31 3.156517e-03
11 86 3.122538e-03
43 70 3.119768e-03
33 40 3.117005e-03
28 44 3.113644e-03
52 79 3.075580e-03
3 79 3.073463e-03
15 80 3.059809e-03
26 62 3.058907e-03
24 34 3.054401e-03
2 52 3.032701e-03
14 48 3.028138e-03
17 73 3.025842e-03
30 102 3.021518e-03
17 88 3.006222e-03
24 70 2.978127e-03
76 97 2.966883e-03
36 82 2.948570e-03
19 83 2.932847e-03
9 44 2.894558e-03
31 46 2.829324e-03
12 74 2.773073e-03
26 104 2.771189e-03
26 36 2.764976e-03
86 102 2.764714e-03
6 63 2.759300e-03
33 92 2.747299e-03
19 108 2.734181e-03
9 79 2.732775e-03
12 105 2.732066e-03
32 57 2.711749e-03
14 26 2.708478e-03
77 104 2.699923e-03
67 78 2.668828e-03
3 88 2.614427e-03
59 93 2.608938e-03
84 92 2.546156e-03
2 44 2.540126e-03
37 101 2.527010e-03
30 97 2.523792e-03
5 43 2.516015e-03
29 36 2.506595e-03
11 38 2.487229e-03
24 59 2.448065e-03
63 88 2.411465e-03
44 80 2.399433e-03
13 89 2.368672e-03
47 97 2.361020e-03
3 13 2.356288e-03
9 77 2.319500e-03
19 100 2.285478e-03
1 30 2.255369e-03
85 101 2.239390e-03
17 97 2.225899e-03
17 39 2.221041e-03
61 106 2.190933e-03
48 97 2.181602e-03
57 62 2.142970e-03
19 31 2.141793e-03
35 104 2.117488e-03
25 34 2.105144e-03
62 89 2.071402e-03
41 70 2.012832e-03
40 77 1.982637e-03
6 13 1.973420e-03
57 106 1.938321e-03
94 102 1.922278e-03
13 61 1.891666e-03
10 99 1.886717e-03
93 98 1.880856e-03
82 93 1.878088e-03
22 102 1.870354e-03
32 97 1.842535e-03
22 28 1.798566e-03
66 99 1.762152e-03
31 97 1.726698e-03
1 70 1.710235e-03
92 104 1.692835e-03
22 106 1.685740e-03
12 22 1.663323e-03
49 56 1.636793e-03
45 66 1.606308e-03
48 86 1.586194e-03
13 78 1.578644e-03
22 39 1.576227e-03
1 96 1.566692e-03
39 58 1.564128e-03
10 69 1.524607e-03
44 51 1.498224e-03
20 67 1.495945e-03
48 77 1.466820e-03
97 103 1.451926e-03
48 88 1.442267e-03
44 98 1.441479e-03
33 67 1.436899e-03
56 84 1.419878e-03
17 94 1.419865e-03
91 107 1.411310e-03
23 34 1.402773e-03
57 96 1.384945e-03
10 93 1.384841e-03
71 78 1.365773e-03
14 67 1.340410e-03
81 104 1.323702e-03
57 89 1.302779e-03
24 89 1.297038e-03
33 97 1.257424e-03
54 104 1.214561e-03
32 55 1.211314e-03
6 65 1.189205e-03
43 60 1.165060e-03
5 11 1.134662e-03
8 46 1.132197e-03
31 45 1.116776e-03
17 100 1.077274e-03
18 94 1.056637e-03
6 46 1.003781e-03
14 75 9.889979e-04
3 90 9.861748e-04
22 57 9.791696e-04
16 93 9.328456e-04
4 15 9.229078e-04
8 74 9.164732e-04
54 78 9.036968e-04
3 23 8.632704e-04
17 74 8.030840e-04
48 64 8.023704e-04
5 32 7.494970e-04
12 57 7.268239e-04
3 28 7.210280e-04
65 71 7.071699e-04
9 69 7.026012e-04
18 77 6.944637e-04
37 50 6.910965e-04
28 92 6.835520e-04
67 84 6.666228e-04
83 105 6.624266e-04
6 50 6.588443e-04
55 87 5.762275e-04
10 31 5.496724e-04
26 55 5.275008e-04
17 70 4.817678e-04
49 57 4.760187e-04
70 86 4.576460e-04
22 69 4.225381e-04
11 94 4.224201e-04
17 66 4.217175e-04
85 104 3.919639e-04
39 86 3.755298e-04
29 108 3.542179e-04
56 92 3.437842e-04
3 16 2.980781e-04
2 91 2.750062e-04
12 34 2.218701e-04
13 70 2.194280e-04
88 103 1.871316e-04
16 32 1.684971e-04
96 101 1.492802e-04
23 89 1.461569e-04
9 15 1.386994e-04
69 84 1.379343e-04
11 52 1.168572e-04
5 106 9.140087e-05
43 81 7.290295e-05
46 74 2.204011e-05
9 94 7.208287e-06
84 89 -9.819967e-05
20 82 -1.083207e-04
3 30 -1.121004e-04
41 56 -1.243369e-04
33 68 -1.263139e-04
28 51 -1.272143e-04
22 49 -1.441305e-04
22 66 -2.066334e-04
21 84 -2.197543e-04
88 99 -2.236575e-04
40 62 -2.450573e-04
22 41 -2.646227e-04
8 66 -2.929673e-04
56 70 -2.972100e-04
69 95 -3.224053e-04
47 106 -3.286582e-04
33 83 -3.325286e-04
42 54 -3.325917e-04
5 62 -3.469314e-04
19 25 -3.727359e-04
26 33 -3.981522e-04
23 43 -4.140202e-04
51 76 -4.266296e-04
72 106 -4.423426e-04
22 82 -4.528902e-04
1 78 -4.713458e-04
1 13 -4.940764e-04
54 74 -5.079797e-04
25 43 -5.612680e-04
34 78 -5.925047e-04
16 85 -5.937969e-04
44 82 -6.298776e-04
63 77 -6.300292e-04
5 72 -6.400297e-04
34 107 -6.631259e-04
17 54 -6.814244e-04
3 66 -7.087343e-04
47 105 -7.212061e-04
54 103 -7.853285e-04
44 89 -8.037581e-04
8 104 -8.272278e-04
28 34 -8.507504e-04
82 107 -8.659822e-04
43 78 -8.939621e-04
28 103 -8.978618e-04
13 83 -9.084798e-04
43 91 -9.209452e-04
3 52 -9.237866e-04
31 70 -9.391573e-04
74 108 -9.421847e-04
29 69 -9.436151e-04
26 48 -9.469786e-04
39 47 -9.650928e-04
42 56 -9.962355e-04
86 101 -9.996331e-04
49 99 -1.003351e-03
23 57 -1.010660e-03
88 94 -1.016750e-03
24 35 -1.020812e-03
56 103 -1.026708e-03
7 96 -1.030822e-03
14 29 -1.036126e-03
44 64 -1.047607e-03
51 57 -1.050990e-03
77 95 -1.081150e-03
61 89 -1.105371e-03
53 88 -1.116107e-03
14 86 -1.133039e-03
3 59 -1.169303e-03
50 55 -1.170155e-03
33 76 -1.185831e-03
77 85 -1.200109e-03
101 108 -1.207920e-03
23 40 -1.221659e-03
88 95 -1.234135e-03
50 82 -1.240989e-03
6 30 -1.252903e-03
56 64 -1.281890e-03
28 46 -1.287218e-03
49 80 -1.293957e-03
15 74 -1.311343e-03
11 43 -1.336357e-03
10 26 -1.340358e-03
2 104 -1.342158e-03
68 92 -1.350419e-03
2 105 -1.362791e-03
56 88 -1.370217e-03
2 30 -1.371922e-03
15 76 -1.409526e-03
7 86 -1.414826e-03
82 89 -1.421249e-03
21 87 -1.426478e-03
14 30 -1.495653e-03
71 82 -1.513479e-03
19 29 -1.516455e-03
7 88 -1.522525e-03
3 97 -1.525725e-03
1 52 -1.526019e-03
34 45 -1.527482e-03
54 96 -1.545192e-03
5 15 -1.622498e-03
41 74 -1.624404e-03
17 92 -1.642883e-03
9 104 -1.701325e-03
67 106 -1.722089e-03
14 62 -1.739106e-03
47 102 -1.770272e-03
17 69 -1.770947e-03
77 82 -1.772127e-03
26 57 -1.794413e-03
2 36 -1.800405e-03
13 64 -1.824082e-03
67 91 -1.853125e-03
32 95 -1.877698e-03
8 87 -1.890161e-03
67 86 -1.923842e-03
13 50 -1.934230e-03
14 46 -1.941205e-03
9 30 -1.956676e-03
43 87 -1.966072e-03
49 92 -1.967095e-03
10 41 -1.979482e-03
44 86 -1.993603e-03
36 68 -1.999102e-03
43 74 -2.056790e-03
32 96 -2.099095e-03
36 76 -2.133838e-03
9 70 -2.162865e-03
63 107 -2.191957e-03
19 24 -2.211637e-03
61 67 -2.218340e-03
78 101 -2.249779e-03
34 55 -2.306683e-03
73 84 -2.311732e-03
54 97 -2.352845e-03
53 77 -2.357106e-03
35 77 -2.359789e-03
29 80 -2.372031e-03
36 67 -2.405857e-03
7 76 -2.482919e-03
24 61 -2.484725e-03
50 56 -2.507920e-03
5 33 -2.513928e-03
64 70 -2.514044e-03
7 29 -2.533951e-03
21 68 -2.552481e-03
20 74 -2.565154e-03
6 93 -2.570448e-03
12 18 -2.572614e-03
70 77 -2.586054e-03
60 94 -2.592404e-03
21 104 -2.597219e-03
19 37 -2.622478e-03
25 89 -2.645776e-03
37 49 -2.649152e-03
4 37 -2.664284e-03
88 106 -2.666282e-03
70 102 -2.756356e-03
22 85 -2.773719e-03
43 90 -2.781195e-03
76 92 -2.785110e-03
17 28 -2.792666e-03
17 23 -2.826516e-03
8 14 -2.830811e-03
35 52 -2.840467e-03
68 73 -2.853514e-03
7 44 -2.863946e-03
30 40 -2.865690e-03
90 102 -2.866313e-03
55 61 -2.878888e-03
22 36 -2.895113e-03
16 86 -2.986410e-03
40 103 -3.051485e-03
34 67 -3.118795e-03
64 74 -3.121787e-03
12 59 -3.128677e-03
37 66 -3.139120e-03
9 86 -3.191638e-03
39 83 -3.224920e-03
18 34 -3.227069e-03
65 83 -3.248853e-03
64 97 -3.255751e-03
43 66 -3.304217e-03
28 36 -3.304246e-03
10 28 -3.320833e-03
70 99 -3.328276e-03
39 95 -3.333470e-03
10 20 -3.335449e-03
13 51 -3.348779e-03
12 37 -3.356685e-03
35 96 -3.360898e-03
32 78 -3.368700e-03
23 93 -3.372364e-03
64 102 -3.420418e-03
43 52 -3.425579e-03
16 57 -3.438224e-03
32 91 -3.440294e-03
11 92 -3.449167e-03
39 97 -3.476335e-03
21 67 -3.537082e-03
33 77 -3.551867e-03
100 105 -3.570933e-03
29 43 -3.573577e-03
28 41 -3.599842e-03
31 89 -3.631289e-03
10 95 -3.644912e-03
8 39 -3.651065e-03
52 97 -3.654752e-03
12 56 -3.661017e-03
64 101 -3.680299e-03
10 46 -3.726181e-03
46 54 -3.733011e-03
5 91 -3.770954e-03
6 20 -3.787149e-03
41 57 -3.798771e-03
34 89 -3.804897e-03
11 85 -3.823615e-03
56 65 -3.833586e-03
2 46 -3.851143e-03
71 100 -3.861901e-03
26 60 -3.872220e-03
32 105 -3.898908e-03
14 66 -3.930278e-03
26 49 -3.930721e-03
13 86 -3.931873e-03
96 102 -3.941708e-03
27 39 -3.955135e-03
36 85 -3.965138e-03
17 27 -4.000616e-03
83 95 -4.040219e-03
65 98 -4.044238e-03
10 105 -4.049483e-03
3 53 -4.056139e-03
92 106 -4.116979e-03
39 51 -4.142322e-03
1 31 -4.175754e-03
79 106 -4.178171e-03
61 101 -4.192547e-03
5 47 -4.195864e-03
35 65 -4.198598e-03
40 108 -4.234402e-03
65 106 -4.238235e-03
90 107 -4.251190e-03
29 99 -4.272623e-03
11 84 -4.290463e-03
12 48 -4.303247e-03
20 93 -4.305779e-03
42 67 -4.340252e-03
8 31 -4.342907e-03
20 95 -4.345037e-03
8 19 -4.364568e-03
27 67 -4.422940e-03
86 95 -4.427369e-03
52 82 -4.439669e-03
51 84 -4.456161e-03
68 98 -4.459887e-03
54 101 -4.462357e-03
68 96 -4.485578e-03
39 63 -4.505901e-03
13 97 -4.509832e-03
29 66 -4.514443e-03
63 84 -4.522731e-03
66 84 -4.540912e-03
53 94 -4.546125e-03
37 56 -4.564469e-03
17 72 -4.575053e-03
14 54 -4.588243e-03
26 105 -4.599306e-03
70 96 -4.610723e-03
34 88 -4.629779e-03
10 92 -4.639172e-03
1 10 -4.669018e-03
11 88 -4.689826e-03
34 56 -4.695374e-03
78 90 -4.698281e-03
41 47 -4.766168e-03
52 104 -4.767413e-03
38 49 -4.775803e-03
19 95 -4.792508e-03
56 79 -4.803285e-03
100 106 -4.861083e-03
44 62 -4.873884e-03
81 90 -4.879177e-03
69 103 -4.897540e-03
14 90 -4.908047e-03
34 69 -4.911945e-03
8 43 -4.989781e-03
42 77 -4.989981e-03
9 105 -5.027729e-03
11 108 -5.065919e-03
100 108 -5.108773e-03
50 60 -5.123329e-03
20 101 -5.126782e-03
84 95 -5.130743e-03
50 93 -5.136272e-03
20 100 -5.150777e-03
57 65 -5.161157e-03
94 100 -5.161399e-03
34 93 -5.171787e-03
6 47 -5.177184e-03
40 68 -5.195378e-03
32 82 -5.257523e-03
95 108 -5.267597e-03
81 95 -5.293851e-03
56 74 -5.307562e-03
11 33 -5.337147e-03
24 57 -5.342144e-03
30 90 -5.377100e-03
50 108 -5.448395e-03
14 70 -5.453187e-03
15 97 -5.480512e-03
18 36 -5.481752e-03
4 21 -5.494995e-03
49 89 -5.510865e-03
80 100 -5.520921e-03
26 41 -5.534610e-03
22 37 -5.569176e-03
44 108 -5.588645e-03
26 95 -5.614751e-03
33 42 -5.712846e-03
3 67 -5.753605e-03
8 49 -5.754698e-03
37 60 -5.760960e-03
18 106 -5.766650e-03
2 77 -5.796136e-03
52 90 -5.805252e-03
46 55 -5.812799e-03
19 81 -5.819924e-03
7 92 -5.868998e-03
17 25 -5.870951e-03
73 100 -5.882606e-03
48 69 -5.883199e-03
74 97 -5.890328e-03
64 107 -5.896201e-03
14 74 -5.948779e-03
46 62 -5.979060e-03
49 61 -6.036111e-03
70 92 -6.065029e-03
2 59 -6.088763e-03
69 100 -6.095229e-03
15 86 -6.123737e-03
55 95 -6.124427e-03
31 67 -6.134821e-03
4 33 -6.140301e-03
50 81 -6.153604e-03
7 66 -6.183947e-03
30 63 -6.201886e-03
22 78 -6.207701e-03
7 90 -6.219555e-03
85 105 -6.226696e-03
97 105 -6.342052e-03
26 38 -6.358556e-03
61 80 -6.363253e-03
14 22 -6.401502e-03
37 77 -6.421140e-03
41 84 -6.432513e-03
5 45 -6.450663e-03
1 44 -6.452067e-03
7 26 -6.465685e-03
37 63 -6.471210e-03
47 64 -6.493591e-03
67 80 -6.513983e-03
90 99 -6.522883e-03
63 80 -6.528450e-03
96 104 -6.531022e-03
50 95 -6.534466e-03
14 105 -6.548728e-03
28 96 -6.586123e-03
19 71 -6.612710e-03
58 77 -6.628975e-03
76 104 -6.632115e-03
21 95 -6.642853e-03
5 94 -6.643390e-03
23 52 -6.653639e-03
74 106 -6.676684e-03
52 95 -6.678776e-03
30 49 -6.708884e-03
7 94 -6.711146e-03
22 48 -6.718099e-03
62 68 -6.749646e-03
20 76 -6.792008e-03
49 95 -6.798162e-03
26 50 -6.809067e-03
61 96 -6.819331e-03
28 85 -6.826179e-03
33 69 -6.830491e-03
57 100 -6.839324e-03
25 66 -6.891145e-03
1 7 -6.891814e-03
89 94 -6.892600e-03
62 71 -6.927381e-03
57 107 -6.930522e-03
11 71 -6.952087e-03
29 64 -6.965607e-03
42 47 -6.982708e-03
10 17 -6.998359e-03
54 107 -7.018690e-03
16 44 -7.021654e-03
93 105 -7.022664e-03
36 57 -7.033087e-03
40 48 -7.049379e-03
73 88 -7.057813e-03
9 102 -7.078548e-03
89 108 -7.105585e-03
57 71 -7.117947e-03
6 67 -7.165223e-03
51 85 -7.171195e-03
3 51 -7.172179e-03
49 107 -7.188886e-03
19 32 -7.193761e-03
19 68 -7.207555e-03
17 89 -7.208175e-03
29 71 -7.253374e-03
52 62 -7.260116e-03
10 29 -7.270899e-03
14 100 -7.331072e-03
17 101 -7.332242e-03
22 100 -7.346358e-03
83 97 -7.392582e-03
57 79 -7.426681e-03
26 100 -7.475565e-03
17 104 -7.477277e-03
46 66 -7.516714e-03
73 98 -7.520735e-03
3 87 -7.538587e-03
39 107 -7.591295e-03
24 43 -7.599615e-03
99 108 -7.600275e-03
29 76 -7.603838e-03
53 105 -7.610015e-03
27 74 -7.617256e-03
5 70 -7.639243e-03
93 102 -7.650471e-03
19 74 -7.655231e-03
21 78 -7.699769e-03
52 69 -7.737622e-03
7 70 -7.770736e-03
77 100 -7.827745e-03
30 69 -7.831151e-03
22 104 -7.845836e-03
14 101 -7.863209e-03
97 108 -7.868647e-03
49 101 -7.913196e-03
72 93 -7.918448e-03
15 32 -7.934425e-03
37 44 -7.935886e-03
21 82 -7.946956e-03
49 79 -7.969200e-03
14 88 -7.988950e-03
44 68 -7.994444e-03
61 102 -8.013601e-03
28 88 -8.033063e-03
37 80 -8.084038e-03
22 58 -8.086538e-03
7 39 -8.088849e-03
66 106 -8.101556e-03
8 99 -8.113539e-03
4 64 -8.119421e-03
13 20 -8.131662e-03
5 103 -8.135837e-03
65 79 -8.146984e-03
15 102 -8.170290e-03
64 93 -8.196436e-03
67 90 -8.220553e-03
38 70 -8.226144e-03
69 92 -8.242801e-03
26 98 -8.265508e-03
12 40 -8.272921e-03
19 34 -8.286471e-03
3 49 -8.293578e-03
65 81 -8.316407e-03
78 95 -8.324580e-03
37 84 -8.332960e-03
50 67 -8.342214e-03
15 49 -8.355069e-03
60 87 -8.413931e-03
9 91 -8.416425e-03
93 108 -8.417218e-03
35 102 -8.463746e-03
9 45 -8.509173e-03
10 51 -8.527537e-03
83 101 -8.571601e-03
42 76 -8.608113e-03
20 92 -8.652421e-03
21 58 -8.690916e-03
71 96 -8.707169e-03
23 105 -8.715134e-03
40 88 -8.730225e-03
64 100 -8.734577e-03
9 16 -8.750452e-03
43 108 -8.764304e-03
43 63 -8.779652e-03
87 94 -8.786000e-03
81 91 -8.791946e-03
27 93 -8.804643e-03
4 90 -8.869209e-03
12 65 -8.917670e-03
9 85 -8.918979e-03
30 56 -8.927335e-03
6 58 -8.932939e-03
42 84 -8.938401e-03
65 90 -8.944251e-03
8 30 -8.949589e-03
8 41 -8.953831e-03
9 83 -8.969298e-03
71 88 -9.032116e-03
38 82 -9.037060e-03
59 105 -9.068360e-03
1 50 -9.091269e-03
14 72 -9.107904e-03
14 40 -9.122297e-03
2 88 -9.124008e-03
20 86 -9.131088e-03
9 108 -9.155819e-03
58 74 -9.156285e-03
18 30 -9.200853e-03
54 94 -9.208946e-03
68 86 -9.253329e-03
9 59 -9.258215e-03
49 93 -9.263772e-03
3 102 -9.283076e-03
52 71 -9.298825e-03
1 66 -9.340892e-03
36 70 -9.341133e-03
30 82 -9.345894e-03
18 56 -9.367492e-03
14 52 -9.374969e-03
27 52 -9.379627e-03
26 74 -9.381135e-03
77 103 -9.408010e-03
57 87 -9.420690e-03
64 85 -9.424643e-03
2 33 -9.431502e-03
4 66 -9.433621e-03
47 54 -9.443695e-03
22 61 -9.449018e-03
82 98 -9.494686e-03
3 29 -9.499760e-03
91 100 -9.507206e-03
48 78 -9.535440e-03
58 105 -9.550683e-03
61 103 -9.556434e-03
51 91 -9.590924e-03
33 38 -9.603848e-03
5 19 -9.626411e-03
82 94 -9.730962e-03
9 14 -9.734556e-03
6 56 -9.743905e-03
3 65 -9.779104e-03
22 50 -9.780647e-03
24 54 -9.818810e-03
26 97 -9.821269e-03
9 38 -9.827211e-03
68 89 -9.829338e-03
8 24 -9.833444e-03
29 35 -9.835386e-03
46 99 -9.838739e-03
15 20 -9.839249e-03
1 100 -9.843277e-03
39 105 -9.861490e-03
54 73 -9.891558e-03
16 95 -9.896093e-03
51 62 -9.921357e-03
48 100 -9.943642e-03
69 86 -9.950811e-03
34 59 -9.952043e-03
3 11 -1.005060e-02
5 82 -1.006053e-02
70 79 -1.006572e-02
7 28 -1.007783e-02
55 104 -1.011416e-02
67 79 -1.014156e-02
18 95 -1.016244e-02
6 102 -1.016584e-02
57 91 -1.016623e-02
57 75 -1.021802e-02
40 74 -1.021803e-02
79 89 -1.025473e-02
29 98 -1.028454e-02
40 79 -1.028516e-02
29 86 -1.029440e-02
1 59 -1.036976e-02
22 67 -1.037393e-02
14 28 -1.039471e-02
5 18 -1.040436e-02
51 63 -1.040585e-02
11 83 -1.040932e-02
21 56 -1.041157e-02
59 87 -1.042334e-02
82 100 -1.042422e-02
35 71 -1.043344e-02
11 61 -1.043658e-02
4 35 -1.046973e-02
47 100 -1.048108e-02
38 66 -1.050019e-02
74 105 -1.050171e-02
34 42 -1.050726e-02
6 33 -1.056966e-02
33 70 -1.058194e-02
74 107 -1.058555e-02
24 91 -1.061751e-02
8 94 -1.062638e-02
24 86 -1.063869e-02
26 40 -1.073535e-02
77 93 -1.076078e-02
49 97 -1.077598e-02
35 60 -1.079422e-02
17 106 -1.081643e-02
50 57 -1.081823e-02
21 39 -1.084608e-02
15 90 -1.095507e-02
31 107 -1.096318e-02
21 96 -1.098929e-02
48 82 -1.101306e-02
24 93 -1.105223e-02
17 96 -1.105999e-02
21 60 -1.106143e-02
54 60 -1.108342e-02
74 100 -1.117322e-02
5 80 -1.117976e-02
2 51 -1.122400e-02
24 92 -1.123945e-02
98 107 -1.127948e-02
69 99 -1.132587e-02
34 74 -1.134012e-02
11 74 -1.137793e-02
42 91 -1.141522e-02
62 105 -1.142062e-02
49 60 -1.144857e-02
40 52 -1.146362e-02
12 100 -1.147557e-02
41 63 -1.150030e-02
18 26 -1.150434e-02
51 108 -1.157265e-02
20 26 -1.171132e-02
27 68 -1.172197e-02
8 52 -1.181504e-02
1 95 -1.182523e-02
18 89 -1.183256e-02
3 76 -1.187431e-02
77 91 -1.187822e-02
64 80 -1.194199e-02
49 75 -1.198578e-02
43 96 -1.205819e-02
18 49 -1.206163e-02
84 91 -1.206320e-02
53 106 -1.214635e-02
70 78 -1.215018e-02
5 31 -1.218402e-02
54 80 -1.221088e-02
63 85 -1.221787e-02
36 50 -1.224061e-02
83 106 -1.224434e-02
59 76 -1.232051e-02
34 51 -1.232328e-02
8 102 -1.232563e-02
4 9 -1.234732e-02
39 70 -1.239265e-02
8 18 -1.240807e-02
1 87 -1.241333e-02
18 57 -1.241511e-02
9 21 -1.242293e-02
32 84 -1.243579e-02
40 49 -1.245984e-02
68 75 -1.246926e-02
5 37 -1.248227e-02
4 23 -1.249711e-02
69 88 -1.250300e-02
46 75 -1.250761e-02
30 75 -1.255088e-02
42 104 -1.256769e-02
54 100 -1.257004e-02
19 65 -1.259701e-02
51 77 -1.260357e-02
45 70 -1.260903e-02
22 64 -1.261544e-02
27 65 -1.262599e-02
63 98 -1.263637e-02
71 94 -1.264338e-02
14 81 -1.267678e-02
83 94 -1.269717e-02
72 89 -1.269884e-02
55 70 -1.270643e-02
62 70 -1.280775e-02
2 9 -1.281410e-02
52 92 -1.286324e-02
7 93 -1.286681e-02
20 46 -1.287539e-02
13 27 -1.296210e-02
9 65 -1.298920e-02
17 62 -1.299957e-02
16 68 -1.303700e-02
58 67 -1.303715e-02
76 90 -1.320453e-02
34 106 -1.322570e-02
33 91 -1.323699e-02
4 77 -1.324752e-02
14 103 -1.325715e-02
5 95 -1.326711e-02
35 95 -1.328608e-02
39 90 -1.330622e-02
38 93 -1.332207e-02
22 75 -1.336074e-02
23 69 -1.336460e-02
13 94 -1.337714e-02
20 29 -1.338477e-02
49 85 -1.338607e-02
10 19 -1.339114e-02
3 94 -1.340801e-02
33 100 -1.341471e-02
52 70 -1.344525e-02
19 57 -1.345509e-02
16 64 -1.349327e-02
2 99 -1.349434e-02
72 82 -1.351442e-02
1 34 -1.353443e-02
10 88 -1.354229e-02
51 94 -1.356586e-02
2 75 -1.358250e-02
6 22 -1.359343e-02
5 73 -1.360327e-02
31 98 -1.361418e-02
6 37 -1.362579e-02
26 85 -1.363451e-02
4 45 -1.365614e-02
60 101 -1.368675e-02
4 104 -1.369153e-02
13 39 -1.369733e-02
8 76 -1.370479e-02
61 93 -1.373467e-02
30 103 -1.373894e-02
4 14 -1.374264e-02
20 70 -1.377168e-02
25 67 -1.377189e-02
20 94 -1.385343e-02
19 49 -1.387626e-02
60 91 -1.389477e-02
69 82 -1.389837e-02
70 83 -1.390701e-02
4 47 -1.391754e-02
17 31 -1.393425e-02
5 53 -1.394646e-02
39 71 -1.399087e-02
37 64 -1.403719e-02
79 88 -1.405501e-02
3 36 -1.414298e-02
10 22 -1.414922e-02
18 99 -1.417842e-02
72 108 -1.421822e-02
2 28 -1.428124e-02
82 88 -1.429234e-02
39 44 -1.429769e-02
41 59 -1.431351e-02
12 82 -1.431720e-02
37 82 -1.433387e-02
4 69 -1.433553e-02
57 84 -1.441214e-02
36 84 -1.443294e-02
70 84 -1.443301e-02
7 104 -1.444364e-02
27 95 -1.446525e-02
64 96 -1.446632e-02
36 99 -1.448453e-02
7 56 -1.448939e-02
47 82 -1.451178e-02
7 13 -1.451830e-02
83 96 -1.452927e-02
56 101 -1.453235e-02
17 22 -1.456742e-02
53 70 -1.458066e-02
30 42 -1.459208e-02
42 95 -1.462235e-02
30 96 -1.462605e-02
63 86 -1.466952e-02
22 44 -1.467055e-02
14 99 -1.467892e-02
66 88 -1.468326e-02
48 104 -1.475629e-02
48 62 -1.476655e-02
70 75 -1.478143e-02
5 27 -1.481063e-02
86 104 -1.481424e-02
59 67 -1.483780e-02
38 46 -1.484396e-02
17 103 -1.486549e-02
24 82 -1.486776e-02
39 91 -1.490005e-02
41 97 -1.495893e-02
28 83 -1.501296e-02
10 86 -1.504718e-02
41 89 -1.505690e-02
3 47 -1.506876e-02
35 100 -1.506956e-02
52 85 -1.511187e-02
13 28 -1.514160e-02
56 102 -1.516880e-02
2 34 -1.516892e-02
53 74 -1.518565e-02
27 85 -1.522558e-02
22 60 -1.522650e-02
17 93 -1.523875e-02
19 79 -1.524070e-02
32 63 -1.529288e-02
47 53 -1.533756e-02
15 38 -1.534341e-02
54 66 -1.535587e-02
49 87 -1.537647e-02
1 25 -1.540126e-02
52 102 -1.544729e-02
55 69 -1.544750e-02
26 64 -1.548661e-02
78 92 -1.549956e-02
41 49 -1.552566e-02
83 107 -1.557959e-02
37 70 -1.558456e-02
61 70 -1.563166e-02
22 86 -1.564677e-02
7 36 -1.566582e-02
49 104 -1.570798e-02
17 77 -1.571048e-02
55 65 -1.572178e-02
22 33 -1.575856e-02
2 68 -1.578325e-02
78 106 -1.579191e-02
18 66 -1.582220e-02
29 104 -1.585694e-02
27 49 -1.589364e-02
22 38 -1.590898e-02
12 26 -1.591011e-02
14 37 -1.595279e-02
45 56 -1.595677e-02
26 84 -1.597247e-02
46 52 -1.598038e-02
5 75 -1.598328e-02
74 92 -1.599986e-02
85 106 -1.601144e-02
86 98 -1.601679e-02
75 91 -1.603285e-02
14 49 -1.609570e-02
36 102 -1.610151e-02
73 108 -1.614535e-02
44 102 -1.618430e-02
24 108 -1.622912e-02
56 81 -1.623117e-02
34 47 -1.623601e-02
31 99 -1.625984e-02
31 58 -1.627163e-02
67 89 -1.629183e-02
38 88 -1.631564e-02
62 94 -1.633428e-02
18 69 -1.637498e-02
17 43 -1.640766e-02
6 98 -1.640840e-02
31 105 -1.647024e-02
23 96 -1.647119e-02
53 92 -1.647340e-02
26 89 -1.650187e-02
60 82 -1.650396e-02
1 29 -1.653269e-02
37 89 -1.654185e-02
33 54 -1.654298e-02
87 93 -1.655026e-02
70 95 -1.656108e-02
32 92 -1.657638e-02
26 78 -1.667533e-02
1 6 -1.667852e-02
21 92 -1.667914e-02
41 62 -1.670073e-02
47 96 -1.670813e-02
23 67 -1.678556e-02
86 91 -1.678851e-02
13 44 -1.679291e-02
45 83 -1.682285e-02
16 61 -1.685278e-02
62 98 -1.690171e-02
26 70 -1.690957e-02
86 105 -1.691794e-02
67 98 -1.693326e-02
48 98 -1.695126e-02
28 101 -1.695382e-02
15 54 -1.699046e-02
78 88 -1.699172e-02
6 78 -1.705430e-02
39 108 -1.709347e-02
32 64 -1.714900e-02
36 51 -1.715621e-02
41 69 -1.720326e-02
49 67 -1.727573e-02
32 106 -1.729027e-02
32 81 -1.730868e-02
52 93 -1.735351e-02
8 15 -1.736741e-02
50 69 -1.740289e-02
9 82 -1.742753e-02
19 90 -1.744293e-02
8 58 -1.744665e-02
5 40 -1.745163e-02
68 100 -1.748822e-02
34 104 -1.751991e-02
9 36 -1.756594e-02
28 59 -1.761945e-02
89 103 -1.766544e-02
5 67 -1.768164e-02
33 39 -1.769235e-02
8 70 -1.770519e-02
37 51 -1.771408e-02
10 90 -1.773056e-02
8 26 -1.777123e-02
66 94 -1.778971e-02
68 76 -1.785270e-02
11 63 -1.790598e-02
29 56 -1.791147e-02
9 32 -1.792186e-02
31 101 -1.795820e-02
49 72 -1.799299e-02
69 87 -1.801595e-02
30 53 -1.801841e-02
9 99 -1.803580e-02
36 75 -1.803868e-02
3 93 -1.807315e-02
3 60 -1.807824e-02
1 43 -1.811492e-02
49 62 -1.816215e-02
63 68 -1.818359e-02
16 49 -1.820296e-02
75 83 -1.820315e-02
15 100 -1.820686e-02
3 31 -1.821590e-02
22 101 -1.828790e-02
14 50 -1.830341e-02
74 94 -1.835970e-02
20 52 -1.841508e-02
86 108 -1.842138e-02
78 108 -1.842224e-02
44 71 -1.849416e-02
67 73 -1.849951e-02
84 101 -1.855342e-02
10 16 -1.855465e-02
3 37 -1.858301e-02
46 81 -1.858927e-02
39 102 -1.859410e-02
26 102 -1.859652e-02
2 56 -1.860938e-02
14 94 -1.861845e-02
62 88 -1.863089e-02
8 44 -1.863507e-02
8 37 -1.865492e-02
8 65 -1.865944e-02
46 94 -1.867320e-02
33 59 -1.870506e-02
51 73 -1.872048e-02
65 78 -1.873474e-02
34 61 -1.877939e-02
9 84 -1.878540e-02
77 98 -1.879003e-02
13 21 -1.882743e-02
36 59 -1.883512e-02
76 106 -1.883568e-02
19 64 -1.888405e-02
4 91 -1.893331e-02
58 93 -1.904568e-02
24 65 -1.905013e-02
5 81 -1.905240e-02
90 95 -1.906933e-02
73 91 -1.907418e-02
7 61 -1.908940e-02
71 76 -1.908943e-02
12 90 -1.911722e-02
7 54 -1.914521e-02
29 89 -1.916412e-02
16 31 -1.918803e-02
81 94 -1.919125e-02
57 82 -1.919226e-02
36 58 -1.922491e-02
41 105 -1.925189e-02
4 108 -1.927289e-02
52 72 -1.929173e-02
34 86 -1.932908e-02
2 26 -1.934518e-02
70 106 -1.935464e-02
52 78 -1.936382e-02
4 81 -1.940133e-02
42 57 -1.941040e-02
19 42 -1.942249e-02
12 33 -1.942580e-02
7 34 -1.942990e-02
28 94 -1.943281e-02
7 67 -1.946283e-02
51 107 -1.949622e-02
25 68 -1.953336e-02
66 87 -1.959372e-02
2 73 -1.962713e-02
21 55 -1.965243e-02
88 96 -1.966131e-02
64 81 -1.966132e-02
40 78 -1.971314e-02
21 27 -1.975393e-02
68 105 -1.975608e-02
43 101 -1.977787e-02
7 20 -1.977899e-02
41 104 -1.978116e-02
8 17 -1.979255e-02
80 108 -1.981261e-02
27 46 -1.988004e-02
49 68 -1.988657e-02
6 90 -1.989423e-02
17 35 -1.992500e-02
33 56 -1.993899e-02
12 87 -1.997378e-02
19 52 -1.997545e-02
35 54 -1.999894e-02
5 26 -2.004213e-02
9 54 -2.013178e-02
56 96 -2.013262e-02
48 66 -2.015256e-02
14 106 -2.018331e-02
30 99 -2.024458e-02
3 46 -2.025824e-02
14 23 -2.028196e-02
5 51 -2.029078e-02
56 82 -2.029912e-02
26 35 -2.038782e-02
71 77 -2.039729e-02
33 60 -2.041651e-02
17 80 -2.052902e-02
38 74 -2.053324e-02
10 82 -2.054842e-02
56 68 -2.055497e-02
35 92 -2.057604e-02
56 77 -2.058218e-02
43 61 -2.058386e-02
8 22 -2.058407e-02
91 101 -2.058941e-02
96 108 -2.060038e-02
46 86 -2.065468e-02
8 83 -2.068364e-02
11 30 -2.068860e-02
19 26 -2.069684e-02
15 89 -2.072548e-02
2 85 -2.072640e-02
2 81 -2.073087e-02
41 67 -2.077629e-02
22 51 -2.086331e-02
57 98 -2.087613e-02
86 106 -2.088944e-02
20 80 -2.091057e-02
24 50 -2.091711e-02
19 66 -2.093571e-02
29 60 -2.095625e-02
23 54 -2.096953e-02
5 22 -2.098924e-02
75 87 -2.099241e-02
16 88 -2.099498e-02
64 78 -2.100496e-02
1 93 -2.107953e-02
49 59 -2.111659e-02
55 71 -2.113946e-02
23 29 -2.114821e-02
69 102 -2.115501e-02
39 54 -2.117664e-02
61 82 -2.121534e-02
17 49 -2.125128e-02
74 89 -2.132581e-02
52 99 -2.133476e-02
70 108 -2.133701e-02
57 76 -2.133860e-02
27 62 -2.139843e-02
4 36 -2.148786e-02
17 53 -2.148805e-02
27 97 -2.150186e-02
25 73 -2.154360e-02
41 66 -2.160914e-02
6 72 -2.162012e-02
32 44 -2.162210e-02
29 52 -2.166265e-02
22 81 -2.169608e-02
73 82 -2.172817e-02
25 36 -2.174872e-02
36 87 -2.177560e-02
36 45 -2.182912e-02
25 49 -2.183776e-02
75 90 -2.188332e-02
46 100 -2.190120e-02
16 108 -2.195224e-02
101 107 -2.196061e-02
15 84 -2.196717e-02
14 78 -2.197009e-02
17 44 -2.197145e-02
86 94 -2.199936e-02
47 104 -2.206732e-02
43 92 -2.210762e-02
29 34 -2.212142e-02
14 55 -2.213445e-02
12 31 -2.213852e-02
22 87 -2.218044e-02
7 71 -2.222220e-02
93 100 -2.222575e-02
22 70 -2.223707e-02
11 60 -2.223754e-02
83 91 -2.227829e-02
12 96 -2.228754e-02
34 82 -2.238896e-02
77 102 -2.244320e-02
5 97 -2.249086e-02
1 103 -2.249364e-02
50 103 -2.254315e-02
37 69 -2.256908e-02
36 94 -2.259703e-02
69 77 -2.260548e-02
36 43 -2.262974e-02
31 65 -2.264415e-02
87 96 -2.268275e-02
89 105 -2.270212e-02
37 47 -2.270334e-02
41 51 -2.275106e-02
47 89 -2.277606e-02
45 63 -2.281858e-02
13 53 -2.286186e-02
51 104 -2.286500e-02
98 108 -2.288359e-02
94 108 -2.295409e-02
33 75 -2.299151e-02
21 71 -2.300961e-02
10 30 -2.303509e-02
34 49 -2.308015e-02
14 35 -2.311012e-02
38 52 -2.311505e-02
42 51 -2.312950e-02
59 108 -2.313480e-02
65 96 -2.316253e-02
7 49 -2.316666e-02
12 95 -2.317897e-02
67 88 -2.318759e-02
1 55 -2.320188e-02
17 67 -2.321443e-02
92 102 -2.326121e-02
76 87 -2.326845e-02
33 94 -2.327439e-02
45 82 -2.327443e-02
34 66 -2.328647e-02
36 105 -2.330034e-02
83 88 -2.330070e-02
3 103 -2.336195e-02
1 41 -2.346446e-02
4 55 -2.347070e-02
67 96 -2.350697e-02
58 90 -2.351452e-02
92 105 -2.351979e-02
10 94 -2.352034e-02
26 47 -2.354287e-02
64 82 -2.364092e-02
87 100 -2.364174e-02
29 85 -2.365161e-02
31 61 -2.369942e-02
64 76 -2.370905e-02
36 81 -2.371393e-02
32 39 -2.376987e-02
8 97 -2.377067e-02
37 100 -2.380563e-02
11 44 -2.384047e-02
59 85 -2.384189e-02
20 97 -2.384233e-02
75 106 -2.387433e-02
62 91 -2.393347e-02
5 89 -2.394216e-02
45 69 -2.394373e-02
28 37 -2.397404e-02
57 77 -2.401843e-02
54 81 -2.405993e-02
2 96 -2.406566e-02
63 96 -2.409643e-02
49 84 -2.418959e-02
35 89 -2.419156e-02
39 104 -2.419482e-02
8 78 -2.421919e-02
26 45 -2.422228e-02
74 79 -2.427644e-02
39 61 -2.432250e-02
23 70 -2.435055e-02
35 40 -2.441377e-02
84 103 -2.441896e-02
70 87 -2.446981e-02
12 47 -2.451121e-02
84 99 -2.451980e-02
30 100 -2.453070e-02
63 102 -2.453148e-02
34 80 -2.453710e-02
61 86 -2.454603e-02
32 88 -2.461863e-02
15 55 -2.462783e-02
26 66 -2.471083e-02
64 99 -2.475195e-02
33 66 -2.476220e-02
46 79 -2.476592e-02
39 81 -2.476807e-02
11 19 -2.477894e-02
59 77 -2.482459e-02
9 80 -2.485396e-02
28 100 -2.487931e-02
49 98 -2.490788e-02
54 75 -2.497354e-02
47 99 -2.497495e-02
9 58 -2.499202e-02
49 82 -2.499623e-02
3 32 -2.505255e-02
12 92 -2.512291e-02
35 69 -2.514136e-02
42 65 -2.514655e-02
8 23 -2.519385e-02
39 99 -2.521013e-02
53 83 -2.522388e-02
15 96 -2.523755e-02
18 63 -2.528496e-02
3 41 -2.529997e-02
77 90 -2.530646e-02
22 72 -2.531671e-02
8 105 -2.533153e-02
42 105 -2.534317e-02
44 66 -2.539997e-02
8 80 -2.540147e-02
33 107 -2.543010e-02
6 96 -2.551683e-02
14 33 -2.554059e-02
27 73 -2.558214e-02
57 105 -2.559834e-02
22 76 -2.565098e-02
92 99 -2.572183e-02
4 41 -2.574020e-02
45 88 -2.575828e-02
40 46 -2.577191e-02
60 108 -2.578020e-02
21 99 -2.578062e-02
19 46 -2.580034e-02
18 32 -2.588508e-02
1 105 -2.589516e-02
28 76 -2.591920e-02
10 32 -2.601155e-02
21 34 -2.601585e-02
47 98 -2.607672e-02
5 86 -2.608357e-02
67 75 -2.612556e-02
4 99 -2.613532e-02
32 47 -2.618084e-02
93 104 -2.624517e-02
31 81 -2.628052e-02
11 31 -2.632106e-02
3 50 -2.633806e-02
17 81 -2.634771e-02
53 65 -2.635935e-02
2 80 -2.636487e-02
40 98 -2.637796e-02
66 103 -2.639667e-02
5 108 -2.640469e-02
31 86 -2.643555e-02
61 78 -2.644505e-02
81 108 -2.646031e-02
86 100 -2.647896e-02
57 81 -2.648682e-02
49 74 -2.655406e-02
75 108 -2.658964e-02
58 88 -2.660257e-02
36 42 -2.666890e-02
63 83 -2.667112e-02
43 84 -2.669919e-02
72 91 -2.672806e-02
74 86 -2.673471e-02
19 96 -2.674203e-02
10 74 -2.679672e-02
29 81 -2.679699e-02
19 61 -2.683109e-02
55 67 -2.683427e-02
34 60 -2.686753e-02
37 102 -2.689384e-02
19 38 -2.691702e-02
54 70 -2.692558e-02
36 86 -2.693772e-02
2 23 -2.695826e-02
15 81 -2.702580e-02
23 44 -2.705477e-02
27 87 -2.707287e-02
15 36 -2.707618e-02
9 22 -2.707864e-02
30 68 -2.713170e-02
35 88 -2.721404e-02
5 12 -2.722047e-02
89 102 -2.723928e-02
29 92 -2.726032e-02
60 89 -2.727812e-02
6 29 -2.728536e-02
25 106 -2.728639e-02
4 28 -2.728993e-02
4 74 -2.730529e-02
27 48 -2.730891e-02
90 100 -2.731595e-02
16 90 -2.736513e-02
71 104 -2.740036e-02
96 105 -2.745098e-02
1 91 -2.750880e-02
9 29 -2.751660e-02
81 92 -2.752015e-02
47 55 -2.754142e-02
2 8 -2.755845e-02
29 48 -2.756983e-02
35 62 -2.758086e-02
15 28 -2.758319e-02
29 73 -2.758798e-02
61 92 -2.760997e-02
19 76 -2.761461e-02
80 106 -2.762836e-02
53 93 -2.764649e-02
15 60 -2.764948e-02
28 63 -2.766827e-02
40 80 -2.769150e-02
76 95 -2.771836e-02
5 21 -2.772122e-02
31 63 -2.774328e-02
35 48 -2.777081e-02
40 95 -2.780131e-02
62 99 -2.781656e-02
10 107 -2.784009e-02
53 89 -2.784808e-02
59 90 -2.788092e-02
43 98 -2.788329e-02
26 51 -2.790035e-02
33 72 -2.790620e-02
22 34 -2.790781e-02
17 63 -2.793812e-02
23 33 -2.795905e-02
72 83 -2.796052e-02
8 90 -2.797919e-02
19 75 -2.801849e-02
24 71 -2.811843e-02
50 86 -2.816528e-02
60 105 -2.821819e-02
78 84 -2.822884e-02
8 82 -2.824045e-02
11 17 -2.824308e-02
5 98 -2.825523e-02
25 61 -2.827786e-02
1 94 -2.829421e-02
25 84 -2.835380e-02
77 108 -2.835614e-02
17 87 -2.837155e-02
3 77 -2.837352e-02
9 37 -2.840852e-02
2 107 -2.843403e-02
79 100 -2.843425e-02
71 89 -2.843894e-02
33 96 -2.844060e-02
18 23 -2.845528e-02
29 101 -2.846239e-02
12 66 -2.852247e-02
46 78 -2.853132e-02
39 82 -2.855383e-02
7 106 -2.857426e-02
54 82 -2.858021e-02
15 45 -2.865336e-02
18 38 -2.868837e-02
25 54 -2.869569e-02
20 90 -2.870983e-02
41 52 -2.871043e-02
18 86 -2.871050e-02
46 77 -2.871878e-02
13 77 -2.873120e-02
46 101 -2.880861e-02
34 77 -2.883588e-02
52 101 -2.895099e-02
32 69 -2.903075e-02
54 59 -2.911097e-02
5 29 -2.913460e-02
68 80 -2.917242e-02
3 81 -2.917346e-02
10 70 -2.919254e-02
49 106 -2.919378e-02
10 106 -2.920098e-02
1 15 -2.921909e-02
26 67 -2.922125e-02
22 80 -2.925767e-02
36 60 -2.929462e-02
93 106 -2.930531e-02
14 93 -2.932555e-02
56 72 -2.933599e-02
18 104 -2.934383e-02
63 76 -2.935096e-02
17 47 -2.936108e-02
1 49 -2.944087e-02
74 96 -2.945099e-02
91 98 -2.946493e-02
49 55 -2.948271e-02
2 76 -2.949515e-02
13 46 -2.952924e-02
28 64 -2.955360e-02
2 41 -2.972246e-02
44 52 -2.974288e-02
16 89 -2.976004e-02
4 107 -2.978765e-02
5 39 -2.982046e-02
29 57 -2.985804e-02
84 90 -2.990509e-02
48 75 -2.990543e-02
70 80 -2.994150e-02
18 28 -2.995814e-02
37 92 -2.997809e-02
34 87 -2.998319e-02
19 60 -2.999980e-02
24 47 -3.002389e-02
26 53 -3.003216e-02
14 41 -3.004237e-02
49 71 -3.005136e-02
3 8 -3.007680e-02
85 96 -3.009469e-02
28 77 -3.009556e-02
38 95 -3.010267e-02
48 79 -3.012091e-02
21 72 -3.016749e-02
18 53 -3.020248e-02
10 100 -3.023070e-02
5 49 -3.025129e-02
1 85 -3.025204e-02
15 56 -3.031319e-02
49 65 -3.032295e-02
8 16 -3.035329e-02
73 94 -3.035366e-02
17 61 -3.042039e-02
57 74 -3.042203e-02
7 87 -3.043627e-02
32 93 -3.047414e-02
45 68 -3.053536e-02
28 52 -3.056696e-02
23 63 -3.057789e-02
37 103 -3.061705e-02
24 29 -3.066669e-02
51 70 -3.068573e-02
86 93 -3.069395e-02
22 108 -3.070359e-02
1 102 -3.070887e-02
1 28 -3.074840e-02
10 55 -3.075347e-02
45 90 -3.078468e-02
13 84 -3.080385e-02
17 91 -3.082239e-02
13 65 -3.083072e-02
35 84 -3.083356e-02
2 60 -3.083938e-02
43 68 -3.084327e-02
68 81 -3.091539e-02
24 76 -3.092228e-02
9 88 -3.092671e-02
6 16 -3.095242e-02
26 68 -3.095409e-02
46 95 -3.095447e-02
25 52 -3.096168e-02
17 90 -3.098731e-02
10 87 -3.099085e-02
76 108 -3.100021e-02
70 100 -3.103739e-02
62 81 -3.104532e-02
6 27 -3.108047e-02
40 105 -3.109394e-02
68 93 -3.109569e-02
34 83 -3.110783e-02
74 103 -3.113133e-02
16 106 -3.114721e-02
66 97 -3.130782e-02
19 59 -3.131563e-02
23 77 -3.135811e-02
40 90 -3.137716e-02
55 73 -3.140989e-02
64 79 -3.145043e-02
13 41 -3.149094e-02
45 91 -3.149451e-02
19 27 -3.152221e-02
3 107 -3.160147e-02
3 22 -3.160202e-02
56 86 -3.161680e-02
42 48 -3.162240e-02
6 100 -3.167333e-02
64 103 -3.172283e-02
9 57 -3.174580e-02
18 102 -3.175103e-02
69 98 -3.175714e-02
56 98 -3.176113e-02
72 104 -3.176925e-02
9 78 -3.179097e-02
16 37 -3.179560e-02
63 92 -3.186089e-02
5 69 -3.188866e-02
78 105 -3.190603e-02
36 61 -3.195023e-02
47 61 -3.199664e-02
25 37 -3.200831e-02
40 50 -3.205404e-02
12 61 -3.207730e-02
3 99 -3.209573e-02
41 46 -3.212174e-02
72 77 -3.213765e-02
90 96 -3.215647e-02
14 58 -3.221252e-02
70 94 -3.230633e-02
17 102 -3.233605e-02
22 32 -3.236818e-02
19 53 -3.237381e-02
5 102 -3.239432e-02
5 28 -3.239473e-02
9 34 -3.240572e-02
66 91 -3.240649e-02
65 75 -3.240904e-02
42 97 -3.246184e-02
46 65 -3.246316e-02
17 64 -3.246444e-02
80 101 -3.247239e-02
5 30 -3.248775e-02
7 47 -3.255804e-02
12 63 -3.256327e-02
29 49 -3.262692e-02
13 55 -3.264957e-02
66 83 -3.270910e-02
71 102 -3.272535e-02
69 96 -3.275377e-02
15 62 -3.275405e-02
57 72 -3.277744e-02
5 36 -3.279151e-02
50 99 -3.281530e-02
7 91 -3.283048e-02
42 108 -3.285230e-02
14 19 -3.290468e-02
54 86 -3.290568e-02
57 64 -3.296524e-02
46 80 -3.296655e-02
24 69 -3.297481e-02
15 27 -3.302362e-02
1 57 -3.303250e-02
2 35 -3.306293e-02
23 73 -3.307405e-02
30 67 -3.308209e-02
8 27 -3.312215e-02
14 82 -3.315771e-02
8 45 -3.315993e-02
8 56 -3.320724e-02
31 38 -3.320942e-02
23 64 -3.323022e-02
9 27 -3.323525e-02
41 73 -3.326512e-02
56 76 -3.327571e-02
6 41 -3.327817e-02
31 48 -3.327869e-02
16 74 -3.328741e-02
74 99 -3.329074e-02
42 82 -3.332921e-02
62 75 -3.338957e-02
37 72 -3.340428e-02
42 101 -3.347155e-02
24 73 -3.360364e-02
84 107 -3.365589e-02
14 96 -3.367740e-02
60 68 -3.368370e-02
57 104 -3.368869e-02
10 96 -3.370707e-02
2 82 -3.371832e-02
2 100 -3.381161e-02
47 94 -3.385765e-02
20 27 -3.385819e-02
38 67 -3.388962e-02
37 58 -3.390042e-02
76 102 -3.391397e-02
15 53 -3.400915e-02
65 100 -3.403109e-02
56 89 -3.406397e-02
14 27 -3.412086e-02
55 66 -3.414895e-02
83 99 -3.417593e-02
20 66 -3.426065e-02
55 89 -3.430113e-02
3 56 -3.432263e-02
30 66 -3.436081e-02
37 97 -3.443760e-02
16 29 -3.444644e-02
22 56 -3.451783e-02
40 70 -3.464448e-02
37 53 -3.465402e-02
78 83 -3.475440e-02
99 104 -3.477458e-02
51 78 -3.483863e-02
1 32 -3.489710e-02
48 70 -3.494429e-02
52 75 -3.496051e-02
7 64 -3.500279e-02
15 73 -3.502397e-02
87 103 -3.506024e-02
34 96 -3.510637e-02
18 54 -3.513024e-02
45 97 -3.514446e-02
17 42 -3.521352e-02
5 85 -3.524666e-02
33 55 -3.526650e-02
5 78 -3.529487e-02
3 68 -3.532435e-02
54 106 -3.534171e-02
53 82 -3.538617e-02
22 107 -3.541044e-02
16 63 -3.541384e-02
29 75 -3.543617e-02
71 107 -3.547930e-02
15 35 -3.548636e-02
18 41 -3.549313e-02
32 50 -3.550331e-02
32 87 -3.550593e-02
40 86 -3.551795e-02
21 46 -3.554788e-02
68 107 -3.558895e-02
58 63 -3.560260e-02
63 101 -3.561357e-02
92 100 -3.572948e-02
35 64 -3.574210e-02
3 34 -3.574435e-02
74 80 -3.576279e-02
60 84 -3.577057e-02
5 77 -3.578452e-02
4 42 -3.583537e-02
21 30 -3.586379e-02
8 42 -3.590425e-02
35 82 -3.594240e-02
44 63 -3.596821e-02
4 30 -3.600423e-02
39 103 -3.605616e-02
12 39 -3.605739e-02
68 77 -3.607625e-02
60 65 -3.612150e-02
35 97 -3.614336e-02
17 50 -3.615598e-02
98 103 -3.617084e-02
89 98 -3.628452e-02
40 91 -3.628652e-02
55 64 -3.629277e-02
6 12 -3.630580e-02
1 75 -3.631243e-02
45 50 -3.634789e-02
9 66 -3.635242e-02
28 40 -3.635777e-02
31 75 -3.637749e-02
81 101 -3.641659e-02
18 27 -3.641966e-02
27 37 -3.642295e-02
34 79 -3.643776e-02
40 45 -3.645791e-02
28 97 -3.648119e-02
14 45 -3.652208e-02
66 74 -3.654180e-02
3 61 -3.659333e-02
38 64 -3.663092e-02
53 61 -3.663279e-02
4 60 -3.663682e-02
17 33 -3.668688e-02
4 17 -3.676839e-02
41 95 -3.679457e-02
74 81 -3.683457e-02
32 73 -3.686855e-02
69 83 -3.688206e-02
59 102 -3.688629e-02
36 66 -3.688984e-02
25 39 -3.689410e-02
73 86 -3.690418e-02
82 106 -3.694369e-02
15 78 -3.694486e-02
11 53 -3.697095e-02
43 73 -3.698029e-02
56 87 -3.700489e-02
8 96 -3.700547e-02
54 67 -3.703378e-02
25 59 -3.706011e-02
57 85 -3.708066e-02
46 76 -3.712285e-02
73 102 -3.715430e-02
9 23 -3.720806e-02
3 45 -3.721327e-02
22 91 -3.721991e-02
5 35 -3.736575e-02
2 53 -3.751969e-02
23 48 -3.755041e-02
29 103 -3.755122e-02
64 108 -3.756615e-02
24 31 -3.760218e-02
93 107 -3.760734e-02
7 40 -3.763196e-02
75 88 -3.765318e-02
72 105 -3.765720e-02
49 105 -3.771121e-02
32 46 -3.784427e-02
7 97 -3.785338e-02
6 23 -3.788006e-02
27 36 -3.789003e-02
17 57 -3.794610e-02
29 87 -3.796977e-02
43 76 -3.797568e-02
3 75 -3.801674e-02
9 24 -3.803198e-02
40 100 -3.807488e-02
39 53 -3.807620e-02
19 45 -3.808148e-02
52 105 -3.808320e-02
31 59 -3.808892e-02
5 76 -3.809199e-02
41 98 -3.809766e-02
16 84 -3.811949e-02
80 87 -3.820843e-02
75 89 -3.821749e-02
25 57 -3.823274e-02
32 48 -3.824621e-02
34 90 -3.832704e-02
21 32 -3.836429e-02
58 97 -3.842458e-02
59 94 -3.843418e-02
87 108 -3.850390e-02
38 44 -3.852732e-02
56 75 -3.855356e-02
3 25 -3.857694e-02
75 85 -3.858227e-02
49 90 -3.863934e-02
48 53 -3.864293e-02
81 87 -3.865057e-02
61 75 -3.866038e-02
64 104 -3.869567e-02
76 82 -3.870485e-02
78 91 -3.871757e-02
15 104 -3.883336e-02
72 84 -3.884651e-02
44 58 -3.884867e-02
25 51 -3.885596e-02
25 105 -3.888349e-02
95 101 -3.888674e-02
23 65 -3.890100e-02
56 69 -3.892257e-02
2 38 -3.893545e-02
40 81 -3.901891e-02
19 85 -3.908847e-02
49 102 -3.918997e-02
45 87 -3.927606e-02
48 99 -3.932571e-02
20 81 -3.932770e-02
14 25 -3.932996e-02
84 96 -3.933257e-02
36 100 -3.935796e-02
24 84 -3.941413e-02
13 102 -3.943133e-02
36 96 -3.944301e-02
11 70 -3.947127e-02
16 47 -3.947241e-02
62 78 -3.949865e-02
33 86 -3.950596e-02
2 57 -3.952668e-02
52 86 -3.953587e-02
41 71 -3.964132e-02
66 100 -3.968873e-02
3 57 -3.969736e-02
8 93 -3.971578e-02
51 79 -3.972033e-02
32 51 -3.977026e-02
46 96 -3.977236e-02
35 61 -3.978504e-02
68 79 -3.979024e-02
21 79 -3.979090e-02
55 92 -3.987687e-02
21 93 -3.992982e-02
77 105 -3.996185e-02
37 45 -3.997981e-02
16 26 -3.999123e-02
69 76 -3.999842e-02
8 106 -4.001978e-02
35 83 -4.004393e-02
13 103 -4.004697e-02
70 97 -4.006997e-02
20 79 -4.007565e-02
91 102 -4.010635e-02
40 57 -4.018493e-02
40 72 -4.018542e-02
17 51 -4.018661e-02
20 60 -4.019041e-02
75 82 -4.023987e-02
31 60 -4.025463e-02
29 38 -4.031087e-02
43 89 -4.031539e-02
7 52 -4.037263e-02
43 56 -4.046048e-02
11 23 -4.048423e-02
46 107 -4.050410e-02
79 95 -4.053228e-02
11 58 -4.064181e-02
53 62 -4.065575e-02
75 97 -4.066100e-02
3 72 -4.078708e-02
50 100 -4.081234e-02
68 102 -4.082761e-02
27 40 -4.086995e-02
12 19 -4.092483e-02
8 38 -4.098001e-02
37 67 -4.099645e-02
14 38 -4.106482e-02
28 61 -4.110554e-02
83 90 -4.113425e-02
67 103 -4.121808e-02
43 102 -4.124839e-02
47 75 -4.125594e-02
18 42 -4.133517e-02
42 64 -4.133755e-02
44 57 -4.133907e-02
51 56 -4.134369e-02
55 74 -4.139120e-02
31 85 -4.141158e-02
12 62 -4.162885e-02
56 71 -4.164490e-02
42 61 -4.171079e-02
4 38 -4.178967e-02
3 12 -4.184781e-02
42 62 -4.185016e-02
39 72 -4.188271e-02
7 50 -4.195154e-02
22 68 -4.195588e-02
41 101 -4.197363e-02
22 27 -4.205453e-02
26 81 -4.211124e-02
15 29 -4.213169e-02
2 58 -4.218340e-02
99 106 -4.218633e-02
63 81 -4.228430e-02
12 67 -4.229458e-02
44 72 -4.236322e-02
58 85 -4.237155e-02
12 54 -4.244647e-02
10 77 -4.245439e-02
55 96 -4.245843e-02
5 83 -4.248280e-02
65 77 -4.251105e-02
25 97 -4.253791e-02
29 90 -4.254612e-02
60 85 -4.255401e-02
7 68 -4.262304e-02
20 41 -4.265745e-02
16 43 -4.266289e-02
80 89 -4.270124e-02
26 56 -4.270322e-02
47 80 -4.276566e-02
71 86 -4.286717e-02
6 25 -4.290189e-02
18 55 -4.292820e-02
42 69 -4.293053e-02
31 54 -4.293727e-02
14 60 -4.298016e-02
34 72 -4.303559e-02
64 72 -4.305267e-02
77 99 -4.312045e-02
59 99 -4.324070e-02
4 78 -4.324673e-02
27 84 -4.326202e-02
40 96 -4.329182e-02
51 96 -4.332290e-02
9 53 -4.333773e-02
40 58 -4.334907e-02
45 101 -4.338698e-02
24 48 -4.344169e-02
57 101 -4.345355e-02
31 94 -4.346539e-02
22 93 -4.350891e-02
69 107 -4.357414e-02
61 79 -4.359178e-02
9 42 -4.366281e-02
40 56 -4.366607e-02
25 62 -4.376660e-02
15 72 -4.379668e-02
62 84 -4.383413e-02
23 76 -4.392506e-02
10 66 -4.393104e-02
25 82 -4.394862e-02
38 92 -4.394917e-02
27 44 -4.397095e-02
50 62 -4.400531e-02
17 68 -4.401727e-02
79 98 -4.402913e-02
95 102 -4.411586e-02
4 58 -4.412546e-02
35 91 -4.417463e-02
38 54 -4.422279e-02
27 104 -4.425966e-02
52 59 -4.427511e-02
16 21 -4.427869e-02
95 100 -4.427975e-02
34 53 -4.430005e-02
42 73 -4.430099e-02
11 81 -4.431299e-02
4 22 -4.434024e-02
36 71 -4.436994e-02
53 71 -4.439389e-02
40 53 -4.439920e-02
87 92 -4.440786e-02
70 101 -4.441756e-02
30 55 -4.446774e-02
64 94 -4.449097e-02
79 97 -4.449644e-02
41 93 -4.450162e-02
32 89 -4.451286e-02
13 35 -4.453336e-02
69 80 -4.457170e-02
10 27 -4.457813e-02
10 42 -4.459820e-02
4 93 -4.460025e-02
93 103 -4.462978e-02
67 101 -4.477491e-02
15 58 -4.480424e-02
37 55 -4.482476e-02
16 71 -4.484137e-02
27 77 -4.485713e-02
16 51 -4.486266e-02
1 72 -4.487288e-02
44 78 -4.494910e-02
46 53 -4.496853e-02
80 85 -4.499133e-02
20 73 -4.502585e-02
16 98 -4.503355e-02
18 78 -4.503916e-02
16 104 -4.507442e-02
16 34 -4.509784e-02
13 45 -4.511998e-02
53 104 -4.516825e-02
42 85 -4.517643e-02
51 66 -4.519944e-02
27 98 -4.521606e-02
32 59 -4.532890e-02
11 102 -4.537174e-02
30 41 -4.539412e-02
13 26 -4.539672e-02
76 91 -4.539838e-02
38 73 -4.541066e-02
78 89 -4.544118e-02
28 90 -4.545759e-02
16 87 -4.548227e-02
32 40 -4.551309e-02
63 94 -4.553941e-02
26 58 -4.555234e-02
12 29 -4.555769e-02
7 77 -4.555973e-02
60 77 -4.556248e-02
62 86 -4.556343e-02
21 75 -4.557058e-02
27 43 -4.560903e-02
2 39 -4.561260e-02
47 81 -4.562745e-02
32 37 -4.563783e-02
25 70 -4.569038e-02
23 46 -4.569905e-02
17 29 -4.573983e-02
13 59 -4.577591e-02
67 107 -4.580985e-02
19 92 -4.585639e-02
26 75 -4.595744e-02
55 85 -4.596550e-02
12 71 -4.597446e-02
39 80 -4.613799e-02
97 102 -4.614970e-02
28 89 -4.622476e-02
20 56 -4.624081e-02
3 58 -4.625398e-02
65 80 -4.631257e-02
73 96 -4.631979e-02
31 72 -4.632000e-02
45 84 -4.637782e-02
49 88 -4.648362e-02
22 29 -4.649215e-02
31 44 -4.652516e-02
7 108 -4.652571e-02
2 66 -4.655902e-02
84 102 -4.657522e-02
25 90 -4.660645e-02
7 89 -4.663438e-02
44 81 -4.664050e-02
28 54 -4.671672e-02
19 107 -4.681392e-02
69 81 -4.682356e-02
81 97 -4.684184e-02
19 58 -4.688788e-02
41 50 -4.694105e-02
38 97 -4.694450e-02
60 67 -4.697550e-02
30 60 -4.699326e-02
35 49 -4.701520e-02
16 101 -4.701783e-02
7 83 -4.704698e-02
9 41 -4.708281e-02
2 78 -4.711782e-02
12 30 -4.712429e-02
36 88 -4.712587e-02
29 58 -4.714811e-02
20 78 -4.714832e-02
32 71 -4.720065e-02
66 78 -4.721041e-02
4 89 -4.729665e-02
88 100 -4.734770e-02
32 54 -4.735084e-02
38 91 -4.737245e-02
14 84 -4.737490e-02
4 25 -4.739621e-02
13 88 -4.743434e-02
32 98 -4.743568e-02
17 99 -4.743927e-02
44 76 -4.747259e-02
6 86 -4.755885e-02
28 43 -4.755894e-02
1 12 -4.765030e-02
1 53 -4.766570e-02
9 76 -4.773189e-02
44 53 -4.773794e-02
5 48 -4.777966e-02
33 78 -4.782023e-02
4 24 -4.785613e-02
3 27 -4.795052e-02
36 53 -4.799551e-02
31 102 -4.801555e-02
60 98 -4.804445e-02
1 86 -4.808795e-02
49 54 -4.812452e-02
77 86 -4.813459e-02
91 96 -4.818042e-02
8 88 -4.820717e-02
7 43 -4.820726e-02
24 105 -4.823896e-02
42 52 -4.830481e-02
12 43 -4.833946e-02
47 59 -4.834403e-02
7 48 -4.835932e-02
35 50 -4.836827e-02
11 72 -4.838446e-02
6 80 -4.838734e-02
79 104 -4.852281e-02
12 44 -4.857064e-02
81 105 -4.863461e-02
38 71 -4.865468e-02
27 90 -4.868571e-02
7 98 -4.873037e-02
50 94 -4.875382e-02
5 101 -4.876350e-02
6 55 -4.876480e-02
27 61 -4.882566e-02
28 50 -4.898862e-02
60 74 -4.900951e-02
21 103 -4.901429e-02
53 91 -4.921131e-02
35 63 -4.935203e-02
12 88 -4.940193e-02
49 58 -4.948391e-02
73 107 -4.952550e-02
7 74 -4.953550e-02
6 35 -4.958603e-02
34 70 -4.962106e-02
23 61 -4.965665e-02
38 47 -4.965680e-02
6 79 -4.979164e-02
30 93 -4.988107e-02
32 108 -4.990315e-02
8 86 -4.993294e-02
55 101 -4.994066e-02
40 107 -4.994592e-02
29 42 -4.995504e-02
39 55 -4.999886e-02
13 75 -5.013717e-02
67 102 -5.015675e-02
19 99 -5.018860e-02
44 107 -5.021813e-02
55 68 -5.022566e-02
75 104 -5.023817e-02
27 47 -5.024916e-02
7 69 -5.028751e-02
23 104 -5.030643e-02
44 93 -5.034657e-02
16 83 -5.051706e-02
40 60 -5.057899e-02
43 86 -5.060097e-02
38 89 -5.060465e-02
55 105 -5.065481e-02
12 21 -5.065498e-02
33 99 -5.077438e-02
11 56 -5.080631e-02
67 81 -5.080732e-02
34 64 -5.080997e-02
38 51 -5.083981e-02
5 58 -5.087242e-02
60 97 -5.087641e-02
1 81 -5.088891e-02
41 68 -5.095924e-02
6 42 -5.096277e-02
43 94 -5.097310e-02
11 26 -5.104547e-02
69 94 -5.104926e-02
25 71 -5.108209e-02
82 99 -5.109398e-02
56 90 -5.109719e-02
26 99 -5.114458e-02
77 94 -5.116323e-02
41 92 -5.116336e-02
75 105 -5.117832e-02
59 78 -5.124335e-02
24 101 -5.126645e-02
37 46 -5.127874e-02
31 88 -5.134005e-02
19 102 -5.139282e-02
85 103 -5.140799e-02
14 79 -5.145969e-02
72 98 -5.157491e-02
8 55 -5.157540e-02
46 60 -5.164676e-02
1 107 -5.176567e-02
20 103 -5.184094e-02
56 93 -5.196020e-02
53 67 -5.197232e-02
12 76 -5.206653e-02
16 73 -5.217132e-02
50 88 -5.217973e-02
30 47 -5.218575e-02
71 79 -5.218705e-02
31 55 -5.220806e-02
58 95 -5.236854e-02
63 82 -5.238097e-02
12 101 -5.241613e-02
81 106 -5.246937e-02
57 92 -5.255301e-02
59 64 -5.256612e-02
81 88 -5.266879e-02
22 99 -5.267402e-02
28 104 -5.267841e-02
53 73 -5.283473e-02
59 80 -5.285226e-02
21 66 -5.287763e-02
49 66 -5.288048e-02
10 72 -5.289117e-02
44 60 -5.289281e-02
6 81 -5.294803e-02
53 68 -5.298089e-02
3 42 -5.305300e-02
56 63 -5.307839e-02
11 107 -5.311827e-02
32 90 -5.312694e-02
20 107 -5.315411e-02
61 99 -5.315749e-02
16 65 -5.315893e-02
54 72 -5.319836e-02
59 72 -5.321636e-02
52 94 -5.323442e-02
50 79 -5.335134e-02
11 24 -5.346227e-02
89 107 -5.350003e-02
53 98 -5.351712e-02
40 75 -5.355791e-02
27 92 -5.364289e-02
58 108 -5.368099e-02
48 103 -5.370461e-02
7 22 -5.375250e-02
55 88 -5.378122e-02
38 104 -5.379896e-02
58 106 -5.380733e-02
15 94 -5.390359e-02
25 48 -5.390560e-02
75 93 -5.392593e-02
26 107 -5.393024e-02
10 103 -5.394174e-02
41 87 -5.395367e-02
1 17 -5.395373e-02
19 41 -5.398592e-02
1 60 -5.399857e-02
13 100 -5.415863e-02
31 78 -5.419673e-02
42 98 -5.422327e-02
1 16 -5.429803e-02
25 98 -5.431541e-02
7 65 -5.434230e-02
38 84 -5.450296e-02
71 103 -5.456652e-02
47 72 -5.458539e-02
2 86 -5.458963e-02
32 52 -5.461209e-02
27 64 -5.462485e-02
45 61 -5.462688e-02
26 83 -5.466840e-02
6 32 -5.467546e-02
24 106 -5.469685e-02
43 100 -5.469793e-02
9 55 -5.470327e-02
7 84 -5.476207e-02
56 108 -5.479778e-02
39 60 -5.481362e-02
72 88 -5.483268e-02
48 107 -5.483641e-02
43 58 -5.484655e-02
24 30 -5.485417e-02
24 97 -5.486538e-02
17 46 -5.488063e-02
55 106 -5.489007e-02
25 31 -5.495690e-02
89 100 -5.503855e-02
35 105 -5.507192e-02
31 41 -5.511907e-02
23 97 -5.514569e-02
15 75 -5.517499e-02
51 72 -5.522191e-02
41 76 -5.524481e-02
9 20 -5.531721e-02
66 108 -5.542908e-02
1 80 -5.544720e-02
28 39 -5.546543e-02
63 79 -5.546868e-02
15 103 -5.547756e-02
4 86 -5.553916e-02
19 86 -5.555611e-02
21 41 -5.557236e-02
38 50 -5.572156e-02
38 90 -5.572196e-02
47 57 -5.576210e-02
28 93 -5.583501e-02
33 79 -5.592131e-02
27 82 -5.601927e-02
4 16 -5.602577e-02
29 94 -5.614243e-02
30 35 -5.614281e-02
37 81 -5.622947e-02
80 97 -5.624676e-02
72 95 -5.624845e-02
53 90 -5.628791e-02
25 46 -5.632354e-02
68 99 -5.635577e-02
79 108 -5.638830e-02
45 51 -5.643651e-02
18 96 -5.643791e-02
53 108 -5.645122e-02
3 89 -5.647434e-02
16 97 -5.661974e-02
2 55 -5.662432e-02
24 64 -5.663523e-02
35 98 -5.670653e-02
10 53 -5.671151e-02
20 53 -5.679755e-02
65 102 -5.683089e-02
45 85 -5.683471e-02
50 102 -5.691596e-02
41 88 -5.702689e-02
41 108 -5.722146e-02
33 53 -5.722616e-02
32 85 -5.728902e-02
48 80 -5.729230e-02
26 103 -5.734887e-02
79 91 -5.741386e-02
16 50 -5.744730e-02
76 84 -5.749554e-02
42 68 -5.765732e-02
38 59 -5.778579e-02
46 58 -5.786352e-02
25 91 -5.788081e-02
45 106 -5.801614e-02
21 53 -5.803377e-02
95 107 -5.804679e-02
23 84 -5.807842e-02
12 64 -5.812382e-02
32 62 -5.814122e-02
34 94 -5.816642e-02
46 72 -5.820984e-02
47 66 -5.824011e-02
30 72 -5.827546e-02
18 103 -5.838824e-02
14 80 -5.839989e-02
21 81 -5.842153e-02
59 96 -5.859703e-02
64 75 -5.860338e-02
19 103 -5.862044e-02
38 108 -5.862476e-02
37 79 -5.862554e-02
7 73 -5.870219e-02
2 103 -5.872088e-02
55 62 -5.874319e-02
21 107 -5.874466e-02
51 102 -5.876140e-02
51 99 -5.877080e-02
2 42 -5.888913e-02
18 70 -5.891452e-02
84 100 -5.892210e-02
14 24 -5.897827e-02
30 57 -5.900037e-02
35 101 -5.904900e-02
47 58 -5.913420e-02
21 94 -5.915285e-02
24 40 -5.915385e-02
77 92 -5.919945e-02
16 91 -5.921864e-02
72 90 -5.925927e-02
17 52 -5.926361e-02
80 98 -5.933899e-02
60 88 -5.934484e-02
18 60 -5.948224e-02
30 38 -5.968371e-02
24 104 -5.969035e-02
10 80 -5.970021e-02
58 83 -5.974805e-02
25 65 -5.976679e-02
16 105 -5.985684e-02
41 48 -5.986068e-02
42 59 -5.991533e-02
28 69 -5.992482e-02
16 77 -5.993304e-02
24 98 -6.000564e-02
2 79 -6.005265e-02
43 75 -6.012713e-02
45 62 -6.012969e-02
45 98 -6.016388e-02
34 102 -6.031804e-02
1 38 -6.034398e-02
45 93 -6.035332e-02
23 68 -6.041481e-02
18 35 -6.042373e-02
76 103 -6.043618e-02
20 45 -6.044997e-02
16 48 -6.046312e-02
68 103 -6.047568e-02
48 96 -6.063976e-02
20 25 -6.066442e-02
13 60 -6.066518e-02
42 83 -6.075567e-02
25 108 -6.076605e-02
11 41 -6.086495e-02
52 67 -6.098620e-02
35 51 -6.099811e-02
41 65 -6.101053e-02
7 105 -6.111817e-02
23 37 -6.117607e-02
81 98 -6.127695e-02
25 83 -6.128593e-02
66 71 -6.131141e-02
28 33 -6.136948e-02
4 75 -6.146310e-02
79 92 -6.146403e-02
77 107 -6.152793e-02
26 79 -6.159908e-02
2 45 -6.162104e-02
66 102 -6.163174e-02
35 47 -6.163199e-02
44 55 -6.163318e-02
29 45 -6.167654e-02
5 105 -6.170252e-02
48 72 -6.170954e-02
80 104 -6.172782e-02
75 100 -6.176098e-02
63 75 -6.178156e-02
7 33 -6.182244e-02
23 51 -6.183719e-02
91 104 -6.185633e-02
9 81 -6.187126e-02
19 72 -6.190935e-02
50 78 -6.205665e-02
60 92 -6.207699e-02
18 72 -6.208797e-02
11 16 -6.216666e-02
38 43 -6.223154e-02
15 23 -6.226870e-02
25 40 -6.227958e-02
60 100 -6.229096e-02
38 68 -6.235388e-02
85 107 -6.240066e-02
33 80 -6.241191e-02
15 41 -6.243482e-02
15 25 -6.244511e-02
61 107 -6.248091e-02
28 68 -6.248993e-02
54 102 -6.251302e-02
10 35 -6.255205e-02
89 99 -6.257087e-02
25 30 -6.263089e-02
63 99 -6.263962e-02
43 107 -6.267578e-02
41 54 -6.275312e-02
73 99 -6.278791e-02
41 83 -6.280682e-02
27 83 -6.285493e-02
14 42 -6.289361e-02
3 80 -6.289469e-02
93 99 -6.290775e-02
60 73 -6.302938e-02
25 104 -6.304445e-02
6 60 -6.313252e-02
9 56 -6.317629e-02
45 59 -6.331781e-02
42 87 -6.333078e-02
71 81 -6.345422e-02
63 103 -6.358932e-02
28 108 -6.361351e-02
32 61 -6.365610e-02
7 101 -6.370664e-02
78 85 -6.371616e-02
43 72 -6.371839e-02
23 95 -6.373880e-02
37 86 -6.382005e-02
72 85 -6.389090e-02
59 81 -6.392566e-02
16 36 -6.394511e-02
33 58 -6.400560e-02
23 108 -6.406219e-02
7 59 -6.408523e-02
69 75 -6.414266e-02
35 43 -6.416887e-02
23 62 -6.449872e-02
10 23 -6.450785e-02
13 107 -6.453810e-02
23 74 -6.455233e-02
87 107 -6.472029e-02
27 88 -6.479432e-02
44 74 -6.480681e-02
58 73 -6.496054e-02
27 89 -6.496210e-02
25 33 -6.497754e-02
16 92 -6.516362e-02
12 51 -6.537906e-02
13 38 -6.539714e-02
7 21 -6.540993e-02
43 55 -6.544893e-02
6 94 -6.560914e-02
12 98 -6.571164e-02
34 103 -6.572032e-02
12 91 -6.591986e-02
33 81 -6.594449e-02
13 76 -6.601424e-02
58 69 -6.603368e-02
33 45 -6.614282e-02
75 84 -6.630365e-02
60 69 -6.632893e-02
30 58 -6.634658e-02
3 55 -6.635716e-02
69 79 -6.637555e-02
15 37 -6.637780e-02
15 24 -6.637821e-02
23 31 -6.639568e-02
11 80 -6.647946e-02
38 101 -6.649400e-02
53 87 -6.655095e-02
60 71 -6.656430e-02
13 99 -6.661498e-02
12 20 -6.676092e-02
87 102 -6.686512e-02
5 96 -6.688393e-02
18 100 -6.692804e-02
40 55 -6.703242e-02
7 51 -6.705277e-02
53 85 -6.714047e-02
14 32 -6.719439e-02
43 80 -6.725893e-02
53 84 -6.742045e-02
18 58 -6.745894e-02
3 78 -6.747980e-02
6 53 -6.751559e-02
27 59 -6.764692e-02
23 88 -6.778507e-02
20 99 -6.778944e-02
16 30 -6.798187e-02
14 56 -6.805188e-02
13 79 -6.817046e-02
23 106 -6.823508e-02
53 95 -6.825289e-02
39 78 -6.834889e-02
37 42 -6.845489e-02
30 107 -6.857283e-02
66 85 -6.859861e-02
44 103 -6.861033e-02
16 52 -6.870722e-02
85 102 -6.884907e-02
97 107 -6.888976e-02
94 105 -6.898470e-02
10 60 -6.917766e-02
57 95 -6.942144e-02
48 58 -6.943052e-02
80 93 -6.972180e-02
59 79 -6.974062e-02
69 78 -6.974296e-02
14 53 -6.986984e-02
25 95 -6.987643e-02
1 99 -6.989231e-02
55 84 -6.990333e-02
62 80 -6.990823e-02
50 58 -6.999227e-02
32 77 -7.012100e-02
1 42 -7.017433e-02
12 104 -7.019929e-02
1 23 -7.037912e-02
57 73 -7.040470e-02
54 76 -7.049184e-02
39 66 -7.049377e-02
3 38 -7.060961e-02
38 87 -7.061220e-02
12 68 -7.061837e-02
85 99 -7.063011e-02
12 46 -7.063338e-02
73 81 -7.065484e-02
38 105 -7.074136e-02
24 68 -7.078344e-02
21 42 -7.085128e-02
32 83 -7.090760e-02
48 94 -7.107571e-02
43 79 -7.112260e-02
15 107 -7.117690e-02
58 89 -7.120232e-02
53 63 -7.133551e-02
45 52 -7.145433e-02
62 107 -7.151985e-02
16 33 -7.157367e-02
61 81 -7.161049e-02
51 81 -7.164736e-02
2 72 -7.170272e-02
37 78 -7.173821e-02
2 94 -7.183707e-02
7 15 -7.190076e-02
7 63 -7.192265e-02
60 90 -7.196226e-02
61 72 -7.196838e-02
20 32 -7.197609e-02
18 45 -7.220559e-02
52 96 -7.231880e-02
83 103 -7.238383e-02
8 29 -7.239911e-02
10 78 -7.250921e-02
46 103 -7.251758e-02
31 80 -7.260261e-02
23 85 -7.268339e-02
91 99 -7.274241e-02
9 75 -7.276352e-02
25 44 -7.281240e-02
52 58 -7.285633e-02
12 106 -7.287493e-02
94 104 -7.300289e-02
36 80 -7.312146e-02
46 57 -7.316046e-02
34 58 -7.331262e-02
45 74 -7.346237e-02
32 67 -7.347077e-02
24 74 -7.350632e-02
24 46 -7.365362e-02
91 103 -7.373985e-02
8 35 -7.375953e-02
23 47 -7.383688e-02
63 78 -7.384141e-02
30 45 -7.399075e-02
23 71 -7.403036e-02
65 76 -7.416065e-02
2 16 -7.416196e-02
71 80 -7.443949e-02
20 75 -7.445164e-02
72 92 -7.452547e-02
18 79 -7.459859e-02
25 77 -7.471556e-02
78 87 -7.497793e-02
16 69 -7.500160e-02
58 65 -7.507574e-02
64 86 -7.515945e-02
35 90 -7.521934e-02
75 95 -7.525192e-02
75 98 -7.527218e-02
44 75 -7.533541e-02
12 85 -7.567838e-02
35 106 -7.570136e-02
47 107 -7.576709e-02
65 103 -7.580526e-02
11 79 -7.597777e-02
4 80 -7.622712e-02
4 102 -7.629647e-02
58 104 -7.665591e-02
62 79 -7.671412e-02
10 38 -7.692985e-02
36 103 -7.702789e-02
18 75 -7.704778e-02
47 60 -7.709343e-02
9 25 -7.711722e-02
6 99 -7.716207e-02
29 37 -7.719567e-02
11 55 -7.723191e-02
36 107 -7.732706e-02
20 58 -7.760549e-02
1 45 -7.762624e-02
60 83 -7.769437e-02
11 27 -7.770887e-02
39 75 -7.780609e-02
42 74 -7.800257e-02
62 103 -7.800545e-02
42 92 -7.815478e-02
6 107 -7.817723e-02
24 44 -7.850307e-02
23 83 -7.851980e-02
30 78 -7.856717e-02
2 24 -7.869192e-02
27 101 -7.879207e-02
11 32 -7.881349e-02
43 53 -7.889957e-02
1 27 -7.896028e-02
75 92 -7.904355e-02
32 104 -7.914617e-02
9 100 -7.922592e-02
12 36 -7.932487e-02
99 105 -7.946869e-02
23 36 -7.950374e-02
16 62 -7.958502e-02
8 53 -7.968209e-02
60 104 -7.980212e-02
27 106 -7.986846e-02
53 97 -8.029986e-02
56 62 -8.032841e-02
92 103 -8.044012e-02
31 42 -8.052148e-02
24 62 -8.083801e-02
45 95 -8.093029e-02
51 75 -8.093581e-02
47 79 -8.094477e-02
13 72 -8.097028e-02
52 80 -8.099359e-02
9 107 -8.101678e-02
68 78 -8.103664e-02
25 64 -8.117962e-02
11 28 -8.139505e-02
73 79 -8.154358e-02
11 45 -8.161905e-02
65 94 -8.163321e-02
36 79 -8.170698e-02
23 92 -8.173639e-02
30 79 -8.176307e-02
85 94 -8.176678e-02
35 68 -8.181927e-02
23 90 -8.194042e-02
78 104 -8.237700e-02
4 103 -8.259979e-02
8 103 -8.269536e-02
44 99 -8.271022e-02
13 25 -8.281007e-02
25 87 -8.299210e-02
11 75 -8.304593e-02
50 80 -8.309148e-02
15 79 -8.326871e-02
42 63 -8.338281e-02
47 103 -8.365517e-02
18 24 -8.366027e-02
24 90 -8.373293e-02
79 101 -8.384276e-02
65 72 -8.393917e-02
58 87 -8.394000e-02
45 92 -8.394427e-02
12 73 -8.398364e-02
43 103 -8.398592e-02
51 80 -8.401291e-02
20 38 -8.409831e-02
38 63 -8.413861e-02
6 75 -8.425858e-02
60 95 -8.430523e-02
79 87 -8.445474e-02
20 35 -8.461807e-02
42 90 -8.462265e-02
23 50 -8.474063e-02
11 25 -8.491366e-02
15 99 -8.501931e-02
20 42 -8.502516e-02
12 50 -8.527713e-02
45 54 -8.532751e-02
7 95 -8.545532e-02
79 84 -8.560000e-02
72 87 -8.567613e-02
34 41 -8.592602e-02
23 59 -8.596615e-02
41 61 -8.601498e-02
50 75 -8.628994e-02
24 85 -8.648584e-02
30 80 -8.655643e-02
16 40 -8.678640e-02
6 103 -8.767168e-02
45 104 -8.802113e-02
12 93 -8.808725e-02
27 51 -8.838771e-02
38 65 -8.854634e-02
45 65 -8.854943e-02
53 59 -8.856609e-02
25 85 -8.902722e-02
38 83 -8.912645e-02
10 24 -8.918209e-02
46 91 -8.944484e-02
38 98 -8.956792e-02
45 73 -8.962018e-02
25 50 -8.980843e-02
6 45 -9.029000e-02
52 60 -9.032073e-02
54 99 -9.039871e-02
20 72 -9.055270e-02
23 87 -9.070577e-02
21 45 -9.103864e-02
23 82 -9.106650e-02
42 50 -9.130158e-02
19 55 -9.162113e-02
73 78 -9.167747e-02
21 35 -9.175561e-02
35 73 -9.227825e-02
55 98 -9.229619e-02
35 44 -9.231696e-02
58 84 -9.242602e-02
1 24 -9.263387e-02
86 97 -9.275971e-02
25 69 -9.278310e-02
13 42 -9.333495e-02
13 23 -9.366538e-02
11 103 -9.374788e-02
23 30 -9.378709e-02
60 106 -9.419200e-02
65 99 -9.448213e-02
24 33 -9.460101e-02
38 85 -9.464010e-02
1 35 -9.482635e-02
53 101 -9.486189e-02
25 74 -9.505832e-02
23 101 -9.565122e-02
7 62 -9.601594e-02
41 82 -9.607699e-02
38 106 -9.645074e-02
36 72 -9.737571e-02
15 42 -9.770981e-02
42 106 -9.822453e-02
25 101 -9.827547e-02
38 62 -9.832447e-02
1 79 -9.871919e-02
23 98 -9.891530e-02
10 58 -9.906387e-02
24 63 -9.946526e-02
18 25 -9.952486e-02
39 45 -9.961109e-02
5 63 -9.978312e-02
7 14 -1.001234e-01
58 64 -1.004363e-01
65 107 -1.004400e-01
41 85 -1.004460e-01
38 61 -1.008585e-01
10 45 -1.012618e-01
7 18 -1.015242e-01
45 64 -1.015614e-01
22 54 -1.016567e-01
27 105 -1.017879e-01
4 53 -1.040162e-01
21 38 -1.041862e-01
21 28 -1.048412e-01
72 97 -1.051181e-01
40 99 -1.054613e-01
38 77 -1.059042e-01
11 42 -1.061512e-01
27 33 -1.062443e-01
18 80 -1.065719e-01
71 99 -1.072939e-01
13 32 -1.082009e-01
12 83 -1.082647e-01
62 72 -1.091674e-01
75 101 -1.095028e-01
33 103 -1.097273e-01
42 89 -1.100955e-01
10 75 -1.103833e-01
38 69 -1.115185e-01
24 39 -1.116383e-01
59 75 -1.119109e-01
2 27 -1.121898e-01
24 83 -1.122412e-01
4 27 -1.124850e-01
45 71 -1.136617e-01
87 99 -1.136806e-01
48 60 -1.140627e-01
25 92 -1.150946e-01
20 55 -1.162347e-01
10 79 -1.178237e-01
6 24 -1.196509e-01
50 72 -1.207591e-01
24 51 -1.265553e-01
45 108 -1.315739e-01
10 25 -1.396207e-01
13 24 -1.398483e-01
45 105 -1.424926e-01
